0,0,0.76,0,0.76,0,0.5,0.5,0,1.01,0,0.25,1.52,0,0.76,0,0,1.52,2.03,0,1.52,0,0.76,0,0,0,0,0,0,0,0,0,0,0,0,0,0,0,0,0.5,0,0,0,0,0,0,0,0,0,0.074,0,0.412,0.412,0,2.441,19,249,1
0,0,1.44,0,0,0,0,0,0,0,0,2.89,0,0,0,1.44,0,0,5.79,0,0,0,0,0,0,0,0,0,0,0,0,0,0,0,0,0,0,0,0,0,0,0,0,0,0,0,0,0,0,0,0,0.277,0,0,1.312,3,21,1
0,0,0.76,0,0.76,0,0.5,0.5,0,1.01,0,0.25,1.52,0,0.76,0,0,1.52,2.03,0,1.52,0,0.76,0,0,0,0,0,0,0,0,0,0,0,0,0,0,0,0,0.5,0,0,0,0,0,0,0,0,0,0.074,0,0.412,0.412,0,2.441,19,249,1
0,0.71,0.71,0,0.35,0.35,0,0,0,0,0,0.71,0,0,0,0.35,0,1.43,1.79,0,1.07,0,0,0,0,0,0,0,0,0,0,0,0,0,0,0,0,0,0,0,0,0,0,0,0,0,0,0,0,0.057,0,1.257,0,0,3.895,61,261,1
0,0,0,0,0,0,0,0,0,0,0,0,0,0,0,0,0,0,5.88,0,5.88,0,0,0,0,0,0,0,0,0,0,0,0,0,0,0,0,0,0,0,0,0,0,0,0,0,0,0,0,0,0,0,0,0,1.5,4,9,1
0.6,0,0.36,0,1.44,0,0,0,0.24,1.32,0.72,2.52,0.6,0,0,0.6,0.24,0,4.44,0,1.8,0,0.72,0.96,0,0,0,0,0,0,0,0,0,0,0,0,0,0,0,0,0,0,0,0,0.12,0,0,0,0,0.04,0,0.101,0.222,0,3.577,54,483,1
0,0,0.88,0,0.88,0,0,0,0,0,0,0.88,0,0,0,0,0,0,0.88,0,0,0,0,0,0,0,0,0,0,0,0,0,0,0,0,0,0,0,0,0,0,0,0,0,0,0,0,0,0,0,0,0.935,0,0,3.417,51,229,1
0,0,0.36,0,0.6,0.12,0.12,0,0,0,0.12,0.48,0.12,0.12,0,0.12,0,0.6,2.41,0,0.24,0,0,0,0,0,0,0,0,0,0,0,0,0,0,0,0,0,0,0,0,0,0,0,0,0,0,0,0.056,0.037,0,0.056,0.094,0,1.246,14,389,1
0,0,0,0,1.31,0,0,0,0,0,0,0,0,0,0,0,0,0,1.31,0,2.63,0,0,0,0,0,0,0,0,0,0,0,0,0,0,0,0,0,0,0,0,0,0,0,0,0,0,0,0,0.251,0,1.007,0,0,1.44,8,36,1
0,0,0,0,0,1.2,0,0,0,0,0,0,0,0,0,0,0,0,1.2,0,3.61,0,0,3.61,0,0,0,0,0,0,0,0,0,0,0,0,0,0,0,0,0,0,0,0,0,0,0,0,0,0,0,0.421,0.21,0,3.454,17,38,1
0,0,0,0,0,0,0,1.07,0,0,0,0,0,0,0,0,0,0,0,0,0,0,1.07,0,0,0,0,0,0,0,0,0,0,0,0,0,0,0,0,0,0,0,0,0,1.07,0,0,0,0,0.19,0,0.19,0.38,0,3.6,16,72,1
0,0,1.92,0,0,0,0,0,0,0,0,0,0,0,0,0,3.84,0,1.92,0,1.92,0,0,0,0,0,0,0,0,0,0,0,0,0,0,0,0,0,0,0,0,0,0,0,0,0,0,0,0,0,0,1.336,0,0,1.21,3,23,1
0.59,0.09,0.09,0,0.29,0.09,0,0.59,0.59,2.09,0.29,0.09,0.29,0,0.39,0.09,0.79,0.39,3.19,0.09,1.69,0,1.39,0.99,0,0,0,0,0,0,0,0,0,0,0,0.09,0,0,0.09,0,0,0,0,0,0.19,0,0,0,0.044,0.078,0,0.334,0.133,0.011,15.493,1171,2541,1
0,0,0,0,0,0,0,0,0,0,0,0,5.55,0,0,0,0,0,0,0,0,0,0,0,0,0,0,0,0,0,0,0,0,0,0,0,0,0,0,0,0,0,0,0,0,0,0,0,0,0,0,0,3.125,0,2.411,10,41,1
0.27,0,0.41,0,0,0,0.13,0.13,0,0,0,0.41,0,0,0,0,0,0.41,0.69,0,0.27,0,0,0,0,0,0,0,0,0,0,0,0,0,0,0.27,0,0,0,0,0,0,0,0,0,0,0,0,0,0.133,0,0,0,0,1.531,20,144,1
0,0.62,0.62,0,0.31,0,0,0,0,0,0,0.62,0,0,0,0.31,0,1.25,2.51,0,1.25,0,0,0,0,0,0,0,0,0,0,0,0,0,0,0,0,0,0,0,0,0,0,0,0.31,0,0,0,0,0.051,0,0.777,0,0,3.39,61,278,1
0,0,0,0,0.26,0,0.26,0,0,0,0,0,0,0,0,0.26,0,0,0,0,0.52,17.1,0,0,0,0,0,0,0,0,0,0,0,0,0,0,0,0,0,0,0,0,0,0.26,0,0,0,0,0.451,0.082,0.082,0.369,0,1.026,13.82,104,1078,1
0.33,0,0.67,0,0.22,0,0,0,0.44,0.11,0,0.33,0,0,0,0.56,0,0,1.79,0,1.12,0,0,0.22,0,0,0,0,0,0,0,0,0,0,0,0,0,0.11,0,0,0,0,0.11,0,0,0,0,0,0,0.157,0,0.373,0.196,0.078,2.576,75,389,1
0.12,0.12,0.24,0,1.34,0.12,0,0.12,0,0,0.36,0.85,0,0,0,0.24,0.24,0,2.33,0,0.73,0,0,0,0,0,0,0,0,0,0,0,0,0,0,0.98,0,0,0,0.12,0,0,0,0,0.12,0,0,0,0.061,0.02,0,0.041,0.041,0,2.351,69,254,1
0.12,0.12,0.24,0,1.34,0.12,0,0.12,0,0,0.36,0.85,0,0,0,0.24,0.24,0,2.33,0,0.73,0,0,0,0,0,0,0,0,0,0,0,0,0,0,0.98,0,0,0,0.12,0,0,0,0,0.12,0,0,0,0.061,0.02,0,0.041,0.041,0,2.351,69,254,1
0.31,0.31,0.31,0,0,0,0.31,0,0.31,0.31,0.31,0.31,0,0,0,0.94,0,0,0.31,0,2.51,0,0,0.31,0,0,0,0,0,0,0,0,0,0,0,0.31,0,0,1.88,0,0,0,0,0,0,0,0,0,0,0.75,0,0.89,0.046,0.046,12.382,138,421,1
0,0,0.51,0,0.51,0,0,0,0,0,0,1.03,0,0,0,0,0,0,1.54,0,1.03,0,0,0.51,0,0,0,0,0,0,0,0,0,0,0,0,0,0,0,0,0,0,0,0,0,0,0,0,0,0,0,0.8,0.177,0,3.125,12,100,1
0,0.48,0.48,0,0.48,0,0,0.48,0,0,0,0.96,0,0,1.92,0,0.48,0.96,2.88,0,2.88,0,1.44,0,0,0,0,0,0,0,0,0,0,0,0,0,0,0,0,0.48,0,0,0,0,0,0,0,0,0,0.084,0,0.084,0.336,0,3.2,12,80,1
0,0,0,0,0,0,0,0,0,0,0,0,0,0,0,6.45,0,0,3.22,0,6.45,0,0,0,0,0,0,0,0,0,0,0,0,0,0,0,0,0,0,0,0,0,0,0,0,0,0,0,0,0,0,0,0,0,1,1,2,1
0,0,0.89,0,1.79,0.44,0,0,0,0,0,0.44,0,0,0,1.34,0,0,2.24,0,4.48,0,0,0,0,0,0,0,0,0,0,0,0,0,0,0,0,0,0,0,0,0,0,0,0,0,0,0,0,0.073,0,0,0,0,2.25,12,144,1
0,0,0.71,0,0.17,0,0.35,0.35,0,0.17,0.17,0.35,0,0,0,0.35,0,0.17,0.53,0,0.17,0,0.35,0,0,0,0,0,0,0,0,0,0,0,0,0,0.35,0,0,0,0,0,0,0,0,0,0,0,0,0.057,0,0.057,0.171,0,1.974,34,229,1
0,1.72,0,0,0,0,0,0,0,1.72,0,0,0,0,0,1.72,0,0.86,0.86,0,0,0,0,0,0,0,0,0,0,0,0,0,0,0,0,0,0,0,0,0,0,0,0,0,0,0,0,0,0,0.125,0,0.251,0.251,0,2.022,12,91,1
0,0,0,0,0,0,0,2.53,0,0,0,0,0,0,0,0,1.26,0,0,0,0,0,0,0,0,0,0,0,0,0,0,0,0,0,0,0,0,0,0,0,0,0,0,0,1.26,0,0,0,0,0.186,0,0.186,0.186,0,4,23,84,1
0,0,0,0,0.42,0.42,0.42,0,0,0,0,0.42,0,0,0,0,0,0,0.84,0,0.42,8.82,0,0,0,0,0,0,0,0,0,0,0,0,0,0,0,0,0,0,0,0,0,0,0,0,0,0,0,0.062,0,0.187,0,1.002,7.951,74,493,1
0,0,0,0,0.45,0.45,0.45,0,0,0,0,0.45,0,0,0,0,0,0,0.9,0,0.45,9.5,0,0,0,0,0,0,0,0,0,0,0,0,0,0,0,0,0,0,0,0,0,0,0,0,0,0,0,0,0,0.203,0,1.084,8.517,72,477,1
0,0,0,0,0,0,1,0,0,1,0,1,0,0,0,0,0,0,3.01,0,0,1.5,0,0,0,0,0,0,0,0,0,0,0,0,0,0,0,0,0,0,0,0,0,0,0,0,0,0,0,0,0,0.176,0,0,4.476,20,94,1
0,0,0,0,0,0,0,0,0,0,0,0,0,0,0,0,0,0,4.44,0,0,0,0,0,0,0,0,0,0,0,0,0,0,0,0,0,0,0,0,0,0,0,0,0,0,0,0,0,0,0,0,1.385,0,0,20,169,180,1
0,0,1.25,0,2.5,0,0,0,0,0,0,0,0,0,0,1.25,0,0,5,0,0,0,0,0,0,0,0,0,0,0,0,0,0,0,0,0,0,0,1.25,0,0,0,0,0,0,0,0,0,0,0,0,0,0,0,1.2,4,36,1
0,0,0,0,0,0,0,1.08,0,0,0,0,0,0,0,0,0,0,0,0,0,0,1.08,0,0,0,0,0,0,0,0,0,0,0,0,0,0,0,0,0,0,0,0,0,1.08,0,0,0,0,0.194,0,0,0.389,0,3.6,16,72,1
0,0,0,0,0,0,0,0,0,0,0,0,1.38,0,0,0,0,0,0,0,1.38,0,0,0,0,0,0,0,0,0,0,0,0,0,0,0,0,0,0,0,0,0,0,0,0,0,0,0,0,0,0,0.486,0,0,2.681,11,59,1
0.21,0.1,0.52,0,1.26,0.1,0,0,0.42,0.52,0.21,0.52,0.42,0,0,0,0.52,0,4.53,0,2,0,0.31,1.47,0,0,0,0,0,0,0,0,0,0,0,0,0,0,0,0,0,0,0,0,0,0,0,0,0,0.028,0,0.141,3.305,0,11.288,193,1016,1
0,0.23,0,0,0.23,0.47,0,0.47,0,0.95,2.61,1.66,0,2.61,0,0,0,0,3.8,0,0.95,0,0.23,0,0.71,0,0,0,0,0,0,0,0,0,0,0,0.95,0,0,0,0,0.23,0,0,0.47,0,0,0,0,0.121,0.04,0,0.04,0,3.78,55,189,1
0.09,0.18,0.36,0,0.09,0,0.09,0,0.55,0.27,0.09,0.83,0.36,0,0,0,0,0.09,3.69,0.55,1.56,0,0,0.36,0,0,0,0,0,0,0,0,0,0,0,0.09,0,0,0,0,0,0,0,0,0.09,0,0,0,0,0.056,0,0.341,0.085,0,7.273,103,1171,1
0,0,0,0,0,0,0,0,0,0,0,0,0,0,0,0,0,0,3.22,0,0,0,0,0,0,0,0,0,0,0,0,0,0,0,0,0,0,0,0,0,0,0,0,0,0,0,0,0,0,0,0,0.546,0,0,2.3,9,23,1
0,0,0,0,0,0,0,0,0,0,0,0,0,0,0,0,0,0,4.34,0,0,0,0,0,0,0,0,0,0,0,0,0,0,0,0,0,0,0,0,0,0,0,0,0,0,0,0,0,0,0,0,2.631,0,0,1.666,5,15,1
0,0,0,0,0,0,0,0,0,0,0,0,0,0,0,0,0,0,4.34,0,0,0,0,0,0,0,0,0,0,0,0,0,0,0,0,0,0,0,0,0,0,0,0,0,0,0,0,0,0,0,0,5.844,0,0,1.666,5,15,1
0,0,0,0,0,0,0,0,0,0,0,0,0,0,0,0,0,0,3.33,0,0,0,0,0,0,0,0,0,0,0,0,0,0,0,0,0,0,0,0,0,0,0,0,0,0,0,0,0,0,0,0,1.081,0,0,2.3,9,23,1
0,0,0.64,0,0.64,0,0,0,0,1.29,0,0,0,0,0,2.59,0,0,3.24,0,0.64,0,0,0,0,0,0,0,0,0,0,0,0,0,0,0,0,0,0,0,0,0,0.64,0,0,0,0,0,0,0,0,0.574,0,0,5.833,30,105,1
0,0,0,0,0,0,0,0,0.93,0,0,0,0,0,0,0,0,0,0.93,0,3.73,0,0,0,0,0,0,0,0,0,0,0,0,0,0,0,0,0,0,0,0,0,0,0,0,0,0,0,0,0.134,0,0.536,0,0,2.166,23,65,1
0,0,0.32,0,0.64,0.64,0.64,0.32,0,0,0,0.32,0.32,0,0,0.32,0.32,0.32,2.27,0,3.24,0,0,0.32,0,0,0,0,0,0,0,0,0,0,0,0,0,0,0,0,0,0,0,0,0.64,0,0,0,0,0.156,0,0,0.156,0,1.688,19,157,1
0,0,0,0,0,0,0,1.08,0,0,0,0,0,1.08,0,0,0,0,0,0,0,0,1.08,0,0,0,0,0,0,0,0,0,0,0,0,0,0,0,0,0,0,0,0,0,1.08,0,0,0,0,0.191,0,0.191,0.383,0,3.95,23,79,1
0,0,0,0,0,0,0,0,0,0,0,0,0,0,0,0,0,0,3.7,0,0,0,0,0,0,0,0,0,0,0,0,0,0,0,0,0,0,0,0,0,0,0,0,0,0,0,0,0,0,0,0,3.448,0,0,2.666,11,24,1
0,0,0,0,0,0,0,1.08,0,0,0,0,0,1.08,0,0,0,0,0,0,0,0,1.08,0,0,0,0,0,0,0,0,0,0,0,0,0,0,0,0,0,0,0,0,0,1.08,0,0,0,0,0.191,0,0.191,0.383,0,3.95,23,79,1
0,0,0,0,0,0.05,0,0.34,0,0,0.11,0.81,0.05,0.11,0,0,0.75,0,0,0,0,0,0.05,0,1.16,0,0,0,0,0,0,0,0.05,0,0,0.23,0.05,0,0,0,0,0,0,0,0,0,0,0,0.283,0.107,0,0,0.053,0,1.864,32,910,1
0,0,0,0,0.88,0,0,0,0,0,0.44,0.44,0,0,0,0,0,0.44,1.32,0,1.32,0,0,0,0.44,0.44,0,0,0,0,0,0,0,0,0,0,0,0,0,0,0,0,0,0,0,0,0,0,0.072,0.072,0,0.291,0,0,1.348,3,58,1
0,0,0.41,0,0.82,0.61,0.2,0,0.2,0.61,0.41,1.23,0.2,0,0,0.61,0,0,2.89,3.09,1.23,0,0,0.2,0,0,0,0,0,0,0,0,0,0,0,0,0,0,0,0,0,0,0,0,0,0,0,0,0.098,0.065,0,0.816,0.065,0,3.716,45,301,1
0,0,0,0,0,0,0,0,0,0,0,0,0,0,0,0,0,0,0,0,0,0,0,0,0,0,0,0,0,0,0,0,0,0,0,0,0,0,0,0,0,0,0,0,0,0,0,0,0,0,0,4.347,0,0,1,1,2,1
0.1,0,0.43,0,0.1,0.1,0.1,0.53,0.1,0,0,0.64,0,0.32,0,0,0.1,0,0,0,0,0,0.75,0,0,0,0,0,0,0,0,0,0,0,0,0,0,0,0,0,0,0,0,0,0,0,0,0,0,0.049,0,0.016,0.065,0,1.901,29,329,1
0.65,0.49,0.32,0,0.32,0.16,0,0.49,0.65,0.49,0.16,1.3,0,0,0.16,1.14,1.3,0.16,3.6,0.49,1.8,0,0,0.49,0,0,0,0,0,0,0,0,0,0,0,0,0,0,0,0,0,0,0,0,0,0.16,0,0,0,0.225,0,0.902,0.225,2.233,5.833,47,595,1
0.09,0,0.09,0,0.39,0.09,0.09,0,0.19,0.29,0.39,0.48,0,0.58,0,0.87,0.19,0,1.66,4.1,1.66,0,0.39,0.19,0,0,0,0,0,0,0,0,0,0,0,0,0,0,0,0,0,0,0,0,0,0,0,0,0,0.136,0,0.318,0.151,0,6.813,494,1458,1
0,0,0,0,0,0,0,3.33,3.33,0,0,0,0,0,0,0,3.33,0,0,0,6.66,0,0,0,0,0,0,0,0,0,0,0,0,0,0,0,0,0,0,0,0,0,0,0,0,0,0,0,0,0,0,0.396,0,0.396,3.714,11,26,1
0.1,0,0.1,0,0.4,0.1,0.1,0,0.2,0.2,0.4,0.5,0,0.6,0,0.91,0.2,0,1.72,4.26,1.72,0,0.4,0.2,0,0,0,0,0,0,0,0,0,0,0,0,0,0,0,0,0,0,0,0,0,0,0,0,0,0.093,0,0.297,0.156,0,6.8,494,1428,1
0,0,0.37,0,1.11,0.74,0,2.96,0,2.96,0,0,0.74,0,0,0,2.22,0,5.18,0,2.22,0,0,0,0,0,0,0,0,0,0,0,0,0,0,0,0,0,0,0,0,0,0,0,0,0,0,0,0,0.149,0,1.096,0,0,5.16,107,289,1
0.08,0.08,0.76,0,0.85,1.02,0.25,0.17,0.59,0.08,0.17,0.59,0.17,0,2.21,0.25,0.08,0.93,1.61,0.17,0.42,0,0.85,0.08,0,0,0,0,0,0,0,0,0,0,0,0,0,0,0,0.08,0,0,0.17,0.08,0.08,0.08,0,0,0,0.063,0,0.394,0.114,0.012,7.484,669,1407,1
0.25,0,0.51,0,0.25,1.28,0,0,0.77,0.51,0,0.25,0,0,0,0,0,0.51,1.79,0,0.77,0,2.05,0,0.51,0.51,0,0,0,0,0,0,0,0,0,0,0.25,0,0,0,0,0,0,0,0,0,0,0,0,0.086,0,0.26,0.173,0,3.298,16,287,1
0,0,0,0,1.05,2.1,1.05,0,0,0,0,0,0,0,0,0,0,0,3.15,0,1.05,0,2.1,0,0,0,0,0,0,0,0,0,0,0,0,0,0,0,0,0,0,0,0,0,0,0,0,0,0,0,0,0.171,0.171,0,2.05,6,41,1
0,0.1,0.3,0,1.02,0.3,0.1,0.4,0,0.2,0.1,0.92,0,0.1,0,1.94,0.92,0.4,1.94,0.4,0.61,0.92,0.51,0.1,0,0,0,0,0,0,0,0,0,0,0,0.3,0.1,0,0,0.1,0,0,0,0,0,0,0,0,0,0.048,0.016,0.518,0.162,0.34,8.181,283,1890,1
0.1,0,0.1,0,0.4,0.1,0.1,0,0.2,0.2,0.4,0.5,0,0.6,0,0.91,0.2,0,1.72,4.26,1.72,0,0.4,0.2,0,0,0,0,0,0,0,0,0,0,0,0,0,0,0,0,0,0,0,0,0,0,0,0,0,0.093,0,0.297,0.156,0,6.8,494,1428,1
0,0,0,0,0.44,0.44,0.44,0,0,0,0,0.44,0,0,0,0,0,0,0.88,0,0.44,9.29,0,0,0,0,0,0,0,0,0,0,0,0,0,0,0,0,0,0,0,0,0,0,0,0,0,0,0,0,0,0.19,0,1.017,8.033,72,474,1
0,0.1,0.62,0,0.31,0,0.1,0,0.2,0.62,0.1,0.62,0.41,0,0,0.1,0.1,0.2,3.43,0.1,1.66,0,0.1,1.04,0,0,0,0,0,0,0,0,0,0,0,0,0,0,0,0,0,0,0,0,0.1,0,0,0,0,0,0,0.611,0.264,0.049,3.794,69,702,1
0,0,0,0,0,0,0,0,0,0,0,0,0,0,0,0,0,0,0,0,0,0,0,0,0,0,0,0,0,0,0,0,0,0,0,0,0,0,0,0,0,0,0,0,1.17,0,0,0,0,0.422,0,0.422,0.634,0,4.066,17,61,1
0,0,0,0,0,0,0,0,0,0,0,0,0,0,0,0,0,0,4,0,0,0,0,0,0,0,0,0,0,0,0,0,0,0,0,0,0,0,0,0,0,0,0,0,0,0,0,0,0,0,0,0,0,0,2.363,11,26,1
0,0.62,0.62,0,0,0.62,0,2.82,0,0.31,0.31,2.5,0,0,0,2.5,0,0,5.32,0.31,1.56,0,0,0.62,0,0,0,0,0,0,0,0,0,0,0,0,0,0,0,0,0,0,0,0,0,0,0,0,0,0.055,0,0.111,0.111,0.055,1.672,6,92,1
0.23,0.29,0.64,0,0.17,0.17,0.11,0.05,0.05,0.47,0.11,1.17,0.47,0.05,0.17,0.05,0.11,0.29,3.93,0,2.05,0,0.47,0.29,0,0,0,0,0,0,0,0,0,0,0,0,0,0,0,0,0,0,0,0,0,0,0,0,0,0.133,0,0.492,0.338,0.092,6.033,87,1460,1
0.51,0.43,0.29,0,0.14,0.03,0,0.18,0.54,0.62,0.29,0.65,0.65,1.2,0.03,0.21,0.43,0.03,2.99,0,1.35,0,0.51,0.58,0,0,0,0,0,0,0,0,0,0,0,0,0,0,0,0,0,0,0,0,0.03,0,0,0,0.012,0.078,0,0.478,0.509,0.127,6.518,611,2340,1
0,0,0,0,0,0,0,0,0,0,0,0,0,0,0,0,0,0,0,0,0,0,0,0,0,0,0,0,0,0,0,0,0,0,0,0,0,0,0,0,0,0,0,0,0,0,0,0,0,0,0,0,0,0,3,16,33,1
0,0,0,0,0,0,0,1.12,0,0,0,0,0,0,0,0,0,0,0,0,0,0,1.12,0,0,0,0,0,0,0,0,0,0,0,0,0,0,0,0,0,0,0,0,0,1.12,0,0,0,0,0.204,0,0.408,0.408,0,4.1,25,82,1
0,0,0.48,0,0.48,0,0,0.48,0,0,0,0.96,0,0,1.93,0,0.48,0.48,2.41,0,2.41,0,3.38,0,0,0,0,0,0,0,0,0,0,0,0,0,0,0,0.48,0.48,0,0,0,0,0,0,0,0,0,0.084,0,0.084,0.761,0,5.322,46,165,1
0.08,0.08,0.76,0,0.85,1.02,0.25,0.17,0.59,0.08,0.17,0.59,0.17,0,2.21,0.25,0.08,0.93,1.61,0.17,0.42,0,0.85,0.08,0,0,0,0,0,0,0,0,0,0,0,0,0,0,0,0.08,0,0,0.17,0.08,0.08,0.08,0,0,0,0.063,0,0.394,0.114,0.012,7.54,669,1410,1
0,0,0.19,0,0.19,0,0,0.19,0.19,0.19,0,0.19,0.19,0,0,0.76,0,0,0.95,0,1.14,0,0,0,0,0,0,0,0,0,0,0,0,0,0,0.19,0,0,0.19,0,0,0,0.38,0,0.19,0,0,0,0,0.058,0,0.264,0,0,4.053,93,381,1
0,0.35,0.35,0,1.07,0,0,0.35,0,1.07,0,0.71,0,0,0,0,0.71,0.71,2.85,0,2.5,0,1.42,0,0,0,0,0,0,0,0,0,0,0,0,0,0,0,0,0.35,0,0,0,0,0.35,0,0,0,0,0.233,0,0.233,0.233,0,3.414,25,140,1
0,0,0,0,0,0,0.31,0,0,0,0,1.26,0,0,0,0,0,0.31,1.9,0,0.31,0,0.31,0,0,0,0,0,0,0,0,0,0,0,0,0.31,0,0,0,0,0,0,0,0,0,0,0,0,0.043,0.086,0,0.13,0.173,0.26,3.244,60,279,1
0.4,0.4,0.26,0,0.13,0.2,0.06,0.33,0,1.14,0.33,1.07,1,0,0.26,0.4,0.06,0,4.1,0,0.94,0,0.53,0.26,0,0,0,0,0,0,0,0,0,0,0,0,0,0,0,0,0,0,0,0,0,0,0,0,0,0.088,0,1.06,0.151,0.05,4.623,123,1045,1
0,0.39,1.18,0,0.39,0,0,0,0,0.78,0.78,0.78,0,0,0.39,3.54,0,0,1.18,0,1.18,0,0,0,0,0,0,0,0,0,0,0,0,0,0,0,0,0,0,0,0,0,0,0,0.39,0,0,0,0,0.064,0,0.843,0.129,0.064,5.87,42,364,1
0,0,0,0,0,0,0,4.62,0,0,0,0,0.92,0,0,0,0.92,0,0,0,0,0,1.85,0,0,0,0,0,0,0,0,0,0,0,0,0,0,0,0,0,0,0,0,0,0,0,0,0,0,0,0,0.919,0.367,0,2.84,16,71,1
0.32,0.28,0.57,0,0.12,0.2,0.16,0.2,0,0.32,0.08,0.98,0.41,0.04,0.04,0,0,0.41,3.74,0,1.64,0,0.45,0.53,0.04,0.04,0,0,0,0,0,0,0,0,0,0,0,0,0,0,0,0,0.08,0,0,0,0,0,0,0.171,0,0.507,0.493,0.028,5.608,133,1991,1
0,0.43,0.87,0,0,0,0,0,0.43,0.43,0.43,0,0,0,0,0,0,0,6.14,0,0.43,0,0,0.87,0,0,0,0,0,0,0,0,0,0,0,0,0,0,0,0,0,0,0,0,0,0,0,0,0.075,0.075,0,0,0.151,0,5.086,33,117,1
0,0,0.53,0,0.53,0,0,0.53,0,0,0,1.06,0,0,2.12,0,0.53,0.53,2.65,0,2.65,0,1.59,0,0,0,0,0,0,0,0,0,0,0,0,0,0,0,0.53,0.53,0,0,0,0,0,0,0,0,0,0.186,0,0.093,0.466,0,5.038,60,131,1
0.35,0.08,0.35,0,0.35,0,0,0.52,0.61,1.76,0.17,0.26,0.79,0,0.26,0,0.7,0.35,2.64,0,2.03,0,0.61,0.7,0,0,0,0,0,0,0,0,0,0,0,0.08,0,0,0.08,0.17,0,0,0,0,0.17,0,0,0,0,0.081,0,0.556,0.069,0.011,19.234,1170,3116,1
0.51,0.17,0.51,0,1.7,0.34,0,0,0.85,0.17,0,0.68,0.17,0.34,0,0.17,0.17,0,2.9,0,2.05,0,0.68,1.36,0,0,0,0,0,0,0,0,0,0,0,0,0,0,0,0,0,0,0,0,0,0,0,0,0,0,0,0.387,1.961,0.025,11,183,660,1
0.53,0,0,0,0,0,0,0,0,0,0,0,0,0,0,0,0.53,0,1.6,0,1.06,0,0,0,0,0,0,0,0,0,0,0,0,0,0,0,0,0,0,0,0,0,0,0,0,0,0,0,0,0.062,0,0.311,0,0,1.954,11,43,1
0.26,0.72,0.85,0,0,0.19,0.06,0.33,0.72,0.46,0.72,0.79,0.19,1.05,0.06,0.59,0.19,0.33,3.5,0.06,1.52,0,0.06,0.06,0,0,0,0,0,0,0,0,0,0,0,0,0,0,0,0.06,0,0,0,0,0.06,0,0,0,0,0.131,0,0.101,0.101,0.202,4.398,79,1280,1
0,0,0,0,0,0,0,0,0,0,0,0,0,0,0,0,0,0,0,0,0,0,0,0,0,0,0,0,0,0,0,0,0,0,0,0,0,0,0,0,0,0,0,0,1.17,0,0,0,0,0.417,0,0.208,0.626,0,4.066,17,61,1
0,0,0.52,0,0,1.05,0.52,0,0,0,0,0,0,0,0,1.05,0,0,2.63,0,0,0,1.05,0,0,0,0,0,0,0,0,0,0,0,0,0,0,0,0,0,0,0,0,0,0,0,0,0,0,0.194,0,0.291,0,0,3.333,43,120,1
0.31,0,0,0,0,0,0,0,0,0,0.31,0.31,0.31,0,0,0,0.31,0,2.79,0,1.55,0,0,0,0,0,0,0,0,0,0,0,0,0,0,0.31,0,0,0,0,0,0,0,0,0,0,0,0,0.114,0,0,0.057,0,0,2.972,18,110,1
0,0,0,0,0,1.29,0,0.64,0,0,0,0,0,0,0,0,0,0,3.87,0,0.64,0,0,0,0,0,0,0,0,0,0,0,0,0,0,0,0,0,0,0,0,0,0,0,0,0,0,0,0,0,0,1.116,0.111,0,1.8,12,63,1
0,0,0,0,0,1.28,0,0.64,0,0,0,0,0,0,0,0,0,0,3.84,0,0.64,0,0,0,0,0,0,0,0,0,0,0,0,0,0,0,0,0,0,0,0,0,0,0,0,0,0,0,0,0,0,1.103,0.11,0,1.777,12,64,1
0,0,0.15,0,0.62,0,0.31,0,1.09,0,0,0,0.46,0,0,0.15,0.15,1.4,2.19,0,1.09,0,0.62,0,0,0,0,0,0,0,0,0,0,0,0,0,0,0,0,0,0,0,0,0,0,0,0,0,0,0.252,0,0.378,4.017,0,3.278,23,259,1
0,0.11,0.35,0,1.18,0.47,0.23,0.35,0,0.11,0.11,0.95,0,0.11,0,2.13,0.95,0.23,1.9,0.35,0.35,0,0.59,0.11,0,0,0,0,0,0,0,0,0,0,0,0.35,0,0,0,0.11,0,0,0,0,0,0,0,0,0,0.057,0,0.42,0.191,0.21,8.026,283,1509,1
0.09,0,0.27,0,0.36,0.09,0,0.18,0.09,0,0,0.73,0,0.36,0,0,0,0,2.01,0,3.38,0,0.36,0.09,0,0,0,0,0,0,0,0,0,0,0,0,0,0,0,0,0,0,0,0,0.27,0,0,0,0.015,0.046,0.031,0.249,0.031,0.031,3.689,69,535,1
0,0,0.47,0,0.47,0,0,0.47,0,0,0,0.94,0,0,1.88,0,0.47,0.47,2.83,0,2.35,0,1.41,0,0,0,0,0,0,0,0,0,0,0,0,0,0,0,0.47,0.47,0,0,0,0,0,0,0,0,0,0.164,0,0.082,0.41,0,5.074,60,137,1
0.14,0.14,0.29,0,0,0,0,0,1.03,0.29,0.14,0.59,0,0,0,0,0,0.14,2.36,0.14,0.88,0,0,0.44,0,0,0,0,0,0,0,0,0,0,0,0,0,0.29,0,0,0,0,0,0,0,0,0,0,0,0.205,0,0.153,0.128,0.102,2.686,73,368,1
0,0,0,0,0.81,0,0,0,0,0,0,0,0,0,0,0,0,0,0.81,0,1.63,0,0,0,0,0,0,0,0,0,0,0,0,0,0,0,0,0,0,0,0,0,0,0,0,0,0,0,0,0,0,0.125,0,0,3.871,26,151,1
0.14,0.14,0.29,0,0,0,0,0,1.03,0.29,0.14,0.59,0,0,0,0,0,0.14,2.36,0.14,0.88,0,0,0.44,0,0,0,0,0,0,0,0,0,0,0,0,0,0.29,0,0,0,0,0,0,0,0,0,0,0,0.205,0,0.153,0.128,0.102,2.686,73,368,1
0.5,0.4,0.33,0,0.13,0.03,0.13,0.1,0.54,0.77,0.3,0.7,0.54,1.14,0.03,0.27,0.43,0.03,3.2,0,1.45,0,0.37,0.6,0,0,0,0,0,0,0,0,0,0,0,0,0,0,0,0,0,0,0,0,0.06,0,0,0,0,0.071,0,0.456,0.5,0.11,6.049,129,2220,1
0,0,0.2,0,0.4,0.2,0,0,0,0,0,0,0,0,0,0,0.61,0.4,2.45,0.2,0.61,4.49,0.61,0,0,0,0,0,0,0,0,0,0,0,0,0,0,0,0,0,0,0,0,0,0.2,0,0,0,0,0,0,0.382,0.223,0.478,7.538,55,490,1
0.57,0,0.57,0,0,0,0,0.57,0,0,0,1.14,0,0,0,0,0,0,5.14,0,1.14,0,2.85,0,0,0,0,0,0,0,0,0,0,0,0,0,0,0,0,0,0,0,0,0,0,0,0,0,0,0,0,0.211,0.74,0,2.9,32,116,1
0.59,0,0.59,0,0,0,0,0.59,0,0,0,1.18,0,0,0,0,0,0,5.32,0,1.18,0,2.95,0,0,0,0,0,0,0,0,0,0,0,0,0,0,0,0,0,0,0,0,0,0,0,0,0,0,0,0,0.109,0.763,0,3,32,114,1
0,0,0.2,0,0.81,1.01,0,0,0,0,0.2,1.21,0,0,0,0,0,0.2,1.21,0,0,0,0.6,0.4,0,0,0,0,0,0,0,0,0,0,0,1.62,0.2,0,0,0,0,0,0,0,0,0,0,0,0,0.152,0,0.121,0.121,0,2.61,10,261,1
0.19,0.19,0,0,1.55,0.19,0.77,0,0.19,0.19,0,0.77,0.58,0,0,0.19,0.58,2.33,0.77,0,0.38,0,0.19,0,0,0,0,0,0,0,0,0,0,0,0,0,0,0,0.19,0,0,0,0,0,0,0,0,0,0.03,0.061,0.03,0.185,0.216,0,1.948,11,113,1
0,0,0,0,0,0,0,0,0,0,0,0,0,0,0,0,0,0,0,0,0,0,0,0,0,0,0,0,0,0,0,0,0,0,0,0,0,0,0,0,0,0,0,0,1.17,0,0,0,0,0.421,0,0.21,0.632,0,3.75,15,60,1
0,0,0,0,0,0,0,0,0,0,0,0,0,0,0,0,0,0,0,0,0,0,0,0,0,0,0,0,0,0,0,0,0,0,0,0,0,0,0,0,0,0,0,0,1.17,0,0,0,0,0.407,0,0.203,0.61,0,4.133,17,62,1
0,0,0.53,0,0.21,0.1,0.1,0.53,0.1,0.21,0,0.64,0,0,0,0,0.1,0,0,0,0,0,0.74,0,0,0,0,0,0,0,0,0,0,0,0,0,0,0,0,0,0,0,0,0,0,0,0,0,0,0.097,0,0.016,0.065,0,2.104,29,381,1
0.9,0,0,0,0,0,0.9,0,0,0,0,0,0,0,0,0,0.9,0.9,1.81,0,2.72,0,0,0.9,0,0,0,0,0,0,0,0,0,0,0,0,0,0,0,0,0,0,0,0,0,0,0,0,0,0,0,0.537,0,0,2.782,19,64,1
0,0,0,0,0,0,1.02,0,0,0,0,2.04,0,0,0,2.04,0,2.04,3.06,0,1.02,0,0,0,0,0,0,0,0,0,0,0,0,0,0,0,0,0,0,0,0,0,0,0,0,0,0,0,0,0.17,0,0,0.17,0,1.47,4,25,1
0,0.56,0.28,0,0,0,0.56,0,0,0.56,0.28,0.56,0.28,0,0,1.41,0.28,0,1.97,0,1.12,0,0,0,0,0,0,0,0,0,0,0,0,0,0,0,0,0,0,0,0,0,0,0,0.28,0,0,0,0,0.114,0,0.153,0,0.153,9.25,394,555,1
0,0,0,0,0,0,0,0,0,0,0,0,0,0,0,0.92,0.46,0.92,1.85,0.46,1.85,0.46,0.46,0,0,0,0,0,0,0,0,0,0,0,0,0,0,0,0,0,0,0,0,0,0,0,0,0,0,0.142,0,0.142,0.5,0.285,1.636,10,126,1
0.28,0,0.28,0,1.43,0.28,0,0.14,0,0,0,1.14,0,0,0,0.14,0.42,0,3.86,0,1.28,0,0.14,0.42,0,0,0,0,0,0,0,0,0.14,0,0,0,0,0,0,0,0,0,0,0.14,0,0,0,0,0,0.047,0,0.094,0.118,0.023,1.42,27,250,1
0,0,0,0,0.87,0,0,1.16,0,0,0.29,1.74,0,0,0,0,0.87,0,4.95,0,2.91,0,0,0,0,0,0,0,0,0,0,0,0,0,0,0,0,0,0,0,0,0,0,0,0,0,0,0,0.151,0,0,0,0,0,1.095,4,46,1
0,0.55,0.55,0,2.23,0.55,0,0.55,0,0,0.55,0,0,0,0,0,0,1.11,1.67,0,2.23,0,0,0.55,0,0,0,0,0,0,0.55,0,0,0,0,0,0.55,0,0,0,0,0,0,0,0,0,0,0,0,0.265,0,0.088,0.353,0,2.571,11,108,1
0,0,0,0,0,0,0,0,0,0,0,0,0,0,0,0,0,0,12.5,0,0,0,0,12.5,0,0,0,0,0,0,0,0,0,0,0,0,0,0,0,0,0,0,0,0,0,0,0,0,0,0,0,0,0,0,1,1,2,1
0,0,0,0,0.81,0,0,0,0,0,0,0,0,0,0,0,0,0,0.81,0,1.63,0,0,0,0,0,0,0,0,0,0,0,0,0,0,0,0,0,0,0,0,0,0,0,0,0,0,0,0,0,0,0.121,0,0,3.871,26,151,1
0,1.47,0,0,0,0,0,0,0,1.47,0,0,0,0,0,0,0,1.47,4.41,0,0,0,0,1.47,0,0,0,0,0,0,0,0,0,0,0,0,0,0,0,0,0,0,0,0,0,0,0,0,0,0,0,0,0,0,2.333,12,21,1
0.26,1.07,0,0,1.61,0,1.07,0.26,0.26,0,0,0.8,0,0,0,0,0,1.61,3.5,0,1.34,0,0,0.26,0,0,0,0,0,0,0,0,0,0,0,0,0,0,0,0,0,0,0,0,0.8,0,0,0,0,0.092,0,0.324,0,0,7.369,52,339,1
0.33,0.67,0,0,0,0,0.67,0.33,0.33,0.33,0,0.67,0,0,0,0,0.67,1.01,2.02,0,0.67,0,0,0,0,0,0,0,0,0,0,0,0,0,0,0,0,0,0,0,0,0,0,0,0,0,0,0,0,0,0,0,0.048,0,1.204,6,59,1
0,0,0.4,0,0.4,0,0.4,0,0,0,0,0,0.4,0,0,0,0,0,2.04,0,0.4,0,0,0,0,0,0,0,0,0,0,0,0,0,0,0,0,0,0,0,0,0,0,0,0.4,0,0,0,0,0,0,0.11,0,0,1.594,11,118,1
0.41,0,0.61,0,0.41,0.61,0,0.82,0.2,0.2,0.2,1.44,0,0,0,0.41,1.03,0.2,1.65,1.65,3.09,0,0.2,0.61,0,0,0,0,0,0,0,0,0,0,0,0,0,0,0,0,0,0,0,0,0,0,0,0,0,0.099,0,1.689,0.132,0,4.913,102,565,1
0,0.9,1.81,0,0,0,0.9,3.63,0,1.81,0,0.9,0,0,0,0,0.9,0,2.72,0,3.63,0,0,0,0,0,0,0,0,0,0,0,0,0,0,0,0,0,0,0,0,0,0,0,0,0,0,0,0,0,0,0.774,0,0,1,1,18,1
0,2.66,0,0,2,0,0,0.66,0,0,0,2,1.33,0,0.66,0,0,6.66,3.33,0,1.33,0,0,0,0,0,0,0,0,0,0,0,0,0,0,0,0,0,0,0,0,0,0,0,0,0,0,0,0,0,0,0.111,0,0,2.133,7,32,1
0.5,0.43,0.28,0,0.14,0.03,0,0.18,0.54,0.61,0.28,0.65,0.65,1.19,0.03,0.21,0.43,0.03,2.96,0,1.34,0,0.5,0.54,0,0,0,0,0,0,0,0,0,0,0,0,0,0,0,0,0,0,0,0,0.03,0,0,0,0.012,0.078,0,0.439,0.505,0.132,6.683,798,2426,1
0.56,0,0.84,0,0.28,0.84,0,0.84,0.28,0.28,0.28,1.41,0,0,0,0,1.41,0,0.84,1.98,2.83,0,0.28,0.84,0,0,0,0,0,0,0,0,0,0,0,0,0,0,0,0,0,0,0,0,0,0,0,0,0,0.128,0,1.289,0.042,0,3.979,47,386,1
0.33,0.16,0.33,0,0,0.16,0,0.16,0.16,0.08,0.16,0.57,0.24,0,0,0.16,0.24,0.24,3.47,0,2.06,0,0,0.66,0,0,0,0,0,0,0,0,0,0,0,0,0,0,0,0,0,0,0,0,0.66,0,0,0,0,0,0,0.213,0.113,0,3.15,76,441,1
0,0.34,1.02,0,0.68,0.34,0.34,0,0,0,0,0.34,0,0,0,2.04,0,0.34,4.76,0,2.38,0,0,0.34,0,0,0,0,0,0,0,0,0,0,0,0,0,0,0,0,0,0,0,0,0,0,0,0,0,0.161,0,0.215,0,3.879,6.978,56,328,1
0.64,0,0.25,0,0,0.38,0,0,0,0.25,0.64,0.25,1.03,0,0,0.77,0.9,0.12,1.93,0,0.51,0.12,0.12,1.03,0,0,0,0,0,0,0,0,0,0.12,0,0,0,0,0,0.12,0,0,0,0,0.12,0,0,0,0,0.161,0,1.082,0.299,0.092,5.274,146,981,1
0,0,0.78,0,1.17,0,0,0,0,0,0,0.39,0,0,0,0.78,0,0,1.56,0,1.96,0,0,0.78,0,0,0,0,0,0,0,0,0,0,0,0,0,0,0,0,0,0,0,0,0,0,0,0,0,0,0,0,0.092,0,4.111,20,222,1
0,0,0.49,0,1.48,0,0,0,0.49,0,0,0,0,0.16,0,0.66,0.33,0,0.82,0,0.49,0,0,0,0,0,0,0,0,0,0,0,0,0,0,0.16,0,0,0,0,0,0,0,0,0.16,0,0,0,0,0.197,0,0.616,0,0,5.778,128,549,1
0,0,0.68,0,0,0,0,1.36,0,0,0.68,0.68,0,0,0,0,0,0,3.4,0,1.36,0,0.68,0.68,0,0,0,0,0,0,0,0,0,0,0,0,0,0,0,0,0,0,0,0,0,0,0,0,0,0,0,0.232,0.232,0,2.232,19,96,1
0,0,0.32,0,0.64,0.64,0.64,0.32,0.32,0,0,0.32,0.32,0,0,0.32,0.32,0.32,2.25,0,3.21,0,0,0.32,0,0,0,0,0,0,0,0,0,0,0,0,0,0,0,0,0,0,0,0,0.64,0,0,0,0,0.156,0,0,0.156,0,1.752,19,149,1
0,0.45,0,0,0.91,0,1.36,0,0,0,0,0.45,0,0,0,1.82,0.45,0,2.73,0,1.36,0,0,0,0,0,0,0,0,0,0,0,0,0,0,0,0,0,0,0,0,0,0,0,0,0,0,0,0,0,0,0.368,0,0,1.68,17,158,1
0,1.25,0.62,0,0,0,1.25,0,0,0,0.62,0.62,0,0,0.62,2.5,0,1.25,5,0,1.25,0,0,0,0,0,0,0,0,0,0,0,0,0,0,0,0,0,0,0,0,0,0,0,0,0,0,0,0,0.045,0,0.225,0,0,2.35,29,134,1
0,1.25,0.62,0,0,0,1.25,0,0,0,0.62,0.62,0,0,0.62,2.5,0,1.25,5,0,1.25,0,0,0,0,0,0,0,0,0,0,0,0,0,0,0,0,0,0,0,0,0,0,0,0,0,0,0,0,0.044,0,0.223,0,0,2.35,29,134,1
2.43,0,0,0,0,0,0,0,0,0,0,0,0,0,0,0,0,0,0,0,0,0,0,0,0,0,0,0,0,0,0,0,0,0,0,0,0,0,0,0,0,0,0,0,0,0,0,0,0,0,0,0,0,0,3.666,13,44,1
0,0,0,0,0,0,2.1,0,0,0,0,1.05,0,0,0,0,0,0,4.21,0,0,0,0,0,0,0,0,0,0,0,0,0,0,0,0,0,0,0,0,0,0,0,0,0,0,0,0,0,0,0,0,0,0,0,2.695,15,62,1
0,0,0.99,0,0.24,0,0,0,0.24,0.49,0,0.49,0,0,0.24,0.24,0,0,0.24,0,0.49,0,0,0,0,0,0,0,0,0,0,0,0,0,0,0,0,0,0,0,0,0,0,0,0,0,0,0,0,0.035,0,0,0,0,5.555,209,400,1
0.52,0.34,0.4,0,0.14,0.17,0.05,0.14,0.46,0.52,0.31,0.89,0.4,1.16,0.05,0.11,0.23,0.11,2.9,0,1.1,0,0.63,0.52,0,0,0,0,0,0,0,0,0,0,0,0,0,0,0,0,0,0,0,0,0.08,0,0,0,0,0.073,0,0.363,0.535,0.132,6.171,159,2771,1
0,0,0,0,0,0,0,0,0,0,0,0,0,0,0,0,0,0,2.53,6.32,0,1.26,0,0,0,0,0,0,0,0,0,0,0,0,0,0,0,0,0,0,0,0,0,0,0,0,0,0,0,0,0,0.649,0,0.432,5.875,46,94,1
0,0,0,0,0,0,0,3.12,0,0,0,0,0,0,0,0,0,0,0,0,0,0,0,0,0,0,0,0,0,0,0,0,0,0,0,0,0,0,0,0,0,0,0,0,1.04,0,0,0,0,0.189,0,0.189,0.189,0,3.857,25,81,1
0,0,0,0,0,0,0,0,0,0,0,0,0,0,0,0,0,0,2.66,5.33,1.33,1.33,0,0,0,0,0,0,0,0,0,0,0,0,0,0,0,0,0,0,0,0,0,0,0,0,0,0,0,0,0,0.699,0,0.466,9.2,46,92,1
0.5,0,0.75,0,0.25,0.25,0.25,0.5,0,0,0.5,2.26,0,0,0,0.5,1,0.25,4.03,0,2.01,0,0,0,0,0,0,0,0,0,0,0,0,0,0,0,0,0,0,0,0,0,0,0,0,0,0,0,0,0.034,0,0.375,0.034,0,4.2,60,231,1
1.03,0,0,0,0,0,0,0,0,0,0,1.03,0,0,0,1.03,0,0,3.62,0,1.03,0,0,0.51,0,0,0,0,0,0,0,0,0,0,0,0,0,0,0,0,0,0,0,0,0,0,0,0,0,0,0,0.176,0.176,0,2.766,26,83,1
1.18,0.39,0.59,0,0,0.98,0.19,0.19,1.38,0.39,0,0.98,0,0.19,0,0.98,0,0,2.56,0.39,1.38,0,0,1.38,0,0,0,0,0,0,0,0,0,0,0,0,0,0,0,0,0,0,0,0,0,0,0,0,0,0.231,0,0.745,0.308,0.025,6.652,76,632,1
1.18,0.39,0.59,0,0,0.98,0.19,0.19,1.38,0.39,0,0.98,0,0.19,0,0.98,0,0,2.56,0.39,1.38,0,0,1.38,0,0,0,0,0,0,0,0,0,0,0,0,0,0,0,0,0,0,0,0,0,0,0,0,0,0.232,0,0.749,0.31,0.025,6.652,76,632,1
1.18,0.39,0.59,0,0,0.98,0.19,0.19,1.38,0.39,0,0.98,0,0.19,0,0.98,0,0,2.56,0.39,1.38,0,0,1.38,0,0,0,0,0,0,0,0,0,0,0,0,0,0,0,0,0,0,0,0,0,0,0,0,0,0.23,0,0.741,0.306,0.025,6.652,76,632,1
0,0,0,0,0,0,2.1,0,0,0,0,1.05,0,0,0,0,0,0,4.21,0,0,0,0,0,0,0,0,0,0,0,0,0,0,0,0,0,0,0,0,0,0,0,0,0,0,0,0,0,0,0,0,0,0,0,2.695,15,62,1
0,0,0,0,0,0,0,0,0,0,0,0,0,2.1,0,0,0,0,0,0,0,0,0,0,0,0,0,0,0,0,0,0,0,0,0,1.05,0,0,0,0,0,0,0,0,1.05,0,0,0,0,0.169,0,0,0.338,0,4.047,29,85,1
0.13,0.13,0.13,0,0.55,0.27,0.27,0.13,1.1,0.27,0,0.97,0.27,0,0.13,0,0,0,3.88,0.13,2.77,0,0.13,0.55,0,0,0,0,0,0,0,0,0,0,0,0,0,0,0,0.13,0,0,0,0,0,0,0,0,0,0.017,0,1.316,0.177,0,4.947,232,757,1
0,0,0.46,0,0,0,0,0.15,0,0,0,0.15,0,0,0,0,0,0.46,0.93,0,0,0,0.46,0,0,0,0,0,0,0,0,0,0,0,0,0.15,0,0,0,0.93,0,0,0,0,0,0,0,0,0.071,0.071,0,0.095,0.023,0,62.75,1505,2761,1
0.09,0,0.27,0,0.36,0.09,0,0.18,0.09,0,0,0.72,0,0.36,0,0,0,0,2,0,3.27,0,0.36,0.09,0,0,0,0,0,0,0,0,0,0,0,0,0,0,0,0,0,0,0,0,0.27,0,0,0,0.015,0.045,0.03,0.242,0.03,0.03,3.816,69,542,1
0.13,0.13,0.13,0,0.55,0.27,0.27,0.13,1.11,0.27,0,0.97,0.27,0,0.13,0,0,0,3.91,0.13,2.65,0,0.13,0.55,0,0,0,0,0,0,0,0,0,0,0,0,0,0,0,0.13,0,0,0,0,0,0,0,0,0,0.018,0,1.294,0.182,0,4.745,232,726,1
1.18,0.39,0.59,0,0,0.98,0.19,0.19,1.38,0.39,0,0.98,0,0.19,0,0.98,0,0,2.56,0.39,1.38,0,0,1.38,0,0,0,0,0,0,0,0,0,0,0,0,0,0,0,0,0,0,0,0,0,0,0,0,0,0.232,0,0.749,0.31,0.025,6.652,76,632,1
0,0,0,0,0.28,0.86,0,0,0,0,0,0.57,0.28,0,0,0,0.28,0,0.28,0,0.28,0,0,0,0,0,0,0,0,0,0,0,0,0,0,0,0,0,0,0,0,0,0,0,0,0,0,0,0.084,0.126,0,0,0,0,27.479,772,1319,1
0,0,0.36,0,0.36,0,0,0,0.36,0.36,0,0.36,0,1.09,0,1.81,0,0,3.63,0,1.45,0,0,0,0,0,0,0,0,0,0,0,0,0,0,0,0,0,0,0,0,0,0,0,0,0,0,0,0,0.125,0,0.125,0,0,1.287,5,94,1
0,0.23,0.47,0,1.18,0,0.23,0,0.7,0.7,0,0.47,0.23,0,0,0.23,0.7,0,2.83,0,1.89,0,0,0.47,0,0,0,0,0,0,0,0,0,0,0,0,0,0,0,0,0,0,0,0,0,0,0,0,0,0,0,0.072,0.108,0,2.438,20,178,1
2.32,0,0,0,0,0,0,0,0,0,0,0,0,0,0,0,0,0,0,0,0,0,0,0,0,0,0,0,0,0,0,0,0,0,0,0,0,0,0,0,0,0,0,0,0,0,0,0,0,0,0,0.277,0,0,3.2,13,48,1
0,0,0,0,0,0,0,0,0,1.51,0,1.51,0,0,0,0,0,0,7.57,0,1.51,0,0,0,0,0,0,0,0,0,0,0,0,0,0,0,0,0,0,0,0,0,0,0,0,0,0,0,0,0,0,0,0,0,2.769,15,36,1
0,0.54,0,0,0,0,1.08,0,0,0.54,0.54,0.54,0,0,0,2.17,0,0.54,3.26,0,1.08,0,0,0,0,0,0,0,0,0,0,0,0,0,0,0,0,0,0,0,0,0,0,0,0.54,0,0,0,0,0,0,0.334,0,0,1.325,5,53,1
0.45,0.68,0.68,0,1.92,0,0.56,0.45,0,0.45,0.22,1.81,0,0,0.79,0.22,0.11,1.81,2.38,0,1.36,0,0.11,0.22,0,0,0,0,0,0,0,0,0,0,0,0,0,0,0,0.11,0,0,0,0,0,0.11,0,0,0.019,0.057,0,0.574,0.134,0.019,3.155,94,385,1
0,0,0,0,0,0,0,0,0,0,0,1.36,0,0,0,0.68,0.68,0,4.76,4.76,0,0,0,0,0,0,0,0,0,0,0,0,0,0,0,0,0,0,0,0,0,0,0,0,0,0,0,0,0,0,0,1.255,0,0,2.818,21,124,1
0,0,0.55,0,0.22,0.22,0.11,0,0.11,0.22,0,0.33,0.33,0,0,0,0.22,0,0,0,0,0,0.55,0,0,0,0,0,0,0,0,0,0,0,0,0,0,0,0,0,0,0,0,0,0,0,0,0,0,0.155,0,0.034,0.12,0,1.961,14,302,1
0,0,0,0,0,0,0.76,0,0,0,0,0,0.76,0,0,0,0,0,0.76,0.76,0,0,0,0,0,0,0,0,0,0,0,0,0,0,0,0,0,0,0,0,0,0,0.76,0,0,0,0,0,0,0,0,0.274,0,0,11.035,110,309,1
0.68,0.11,0.11,0,0.45,0.11,0,0.57,0.79,2.73,0.34,0.11,0.22,0,0.45,0.11,0.68,0.45,3.07,0,1.71,0,1.82,1.14,0,0,0,0,0,0,0,0,0,0,0,0,0,0,0.11,0.11,0,0,0,0,0.11,0,0,0,0.067,0.118,0,0.388,0.236,0.016,9.827,164,1592,1
0,0,0,0,0,1.88,0,0,0,0,0,0,0,0,0,0,0,0,3.77,0,1.88,0,0,0,0,0,0,0,0,0,0,0,0,0,0,0,0,0,0,0,0,0,0,0,0,0,0,0,0,0,0,0,0,0,2.307,16,30,1
0,0,0,0,1.28,0,1.28,0,0,0,0,0,0,0,0,0.64,0,1.28,1.28,0,0.64,0,0,0,0,0,0,0,0,0,0,0,0,0,0,0,0,0,0,0,0,0,0,0,0,0,0,0,0,0,0,0.085,0.17,0,2.466,18,111,1
0,0,0,0,0,1.12,0,0,0,0,0,0,0,0,0,0,0,0,2.24,0,0,0,0,0,0,0,0,0,0,0,0,0,0,0,0,0,0,0,0,0,0,0,0,0,0,0,0,0,0,0.392,0,3.333,0,0,2.551,12,74,1
0.9,0,0,0,0,0,0.9,0,0,0,0,0,0,0,0,0,0.9,0.9,1.81,0,2.72,0,0,0.9,0,0,0,0,0,0,0,0,0,0,0,0,0,0,0,0,0,0,0,0,0,0,0,0,0,0,0,0.546,0,0,2.818,19,62,1
0.49,0.32,0.46,0,0.05,0.16,0.05,0.24,0.46,0.79,0.27,1.01,0.6,1.23,0,0.21,0.38,0,3.3,0,1.5,0,1.09,0.35,0,0,0,0,0,0,0,0,0,0,0,0,0,0,0,0,0,0,0,0,0.02,0,0,0,0,0.064,0,0.322,0.626,0.165,6.896,193,3269,1
0.39,0,0,0,0,0.39,0.79,0,0,0,0,0.79,0,0,0,0,0.39,0,2.37,0,2.76,0,1.18,0.79,0,0,0,0,0,0,0,0,0,0,0,0,0,0,0,0,0,0,0,0,0,0,0,0,0,0.061,0,0.612,0.183,0,2.678,13,75,1
0,0.58,0.58,0,0,0,0,0.58,0.58,7.55,0.58,1.16,0,0,0,0,0.58,0,4.06,0,0,0,0,0,0,0,0,0,0,0,0,0,0,0,0,0,0,0,0,0,0,0,0,0,0,0,0,0,0,0.192,0,0.192,0,0.096,1.526,10,58,1
0.17,0.17,0.69,0,0.34,0.17,0,0.86,0.17,0.69,0.34,1.38,0,0,0,0,1.73,0.34,2.07,1.55,3.8,0,0,0.34,0,0,0,0,0,0,0,0,0,0,0,0,0,0,0,0.17,0,0,0,0,0,0,0,0,0,0.194,0,1.718,0.055,0,5.175,63,621,1
0.51,0,0.77,0,0.25,0.25,0,0,0,0.51,0,1.55,0,0,0,0.77,1.55,0,4.9,0,2.58,0,0.77,0.25,0,0,0,0,0,0,0,0,0,0,0,0,0,0,0.25,0,0,0,0,0,0,0,0,0,0,0.179,0,0.359,0.403,0.134,5.774,56,358,1
0,0,1.24,0,1.24,0.62,0,0,0,0,0,0,0,0,0,1.24,0.62,0,0.62,0,1.86,0.62,0.62,0,0,0,0,0,0,0,0,0,0,0,0,0,0,0,0,0,0,0,0,0,0.62,0,0,0,0,0.107,0,0.321,0.107,0.107,3.846,30,150,1
0,0,0,0,0,0,0,2.94,0,0,0,0,0,0,0,0,0,0,0,0,0,2.94,0,0,0,0,0,0,0,0,0,0,0,0,0,0,0,0,0,0,0,0,0,0,0,0,0,0,0,0,0,0,0,0.45,14.5,42,87,1
0,0.84,0.84,0,0,0,0.84,0,0,1.68,0.84,0,0,0,0,0.84,0,0,3.36,0,0.84,0,0.84,0,0,0,0,0,0,0,0,0,0,0,0,0,0,0,0,0,0,0,0,0,0,0,0,0,0,0,0,0.519,0,0,5,43,125,1
0,0,0,0,0,0,0,0.71,0,0,0,0.71,0,0,0,1.43,0,0,4.31,0,1.43,0,0,0.71,0,0,0,0,0,0,0,0,0,0,0,0,0,0,0,0,0,0,0,0,2.15,0,0,0,0,0.265,0,0.132,0,0,2.322,16,72,1
0.09,0,0.27,0,0.36,0.09,0,0.18,0.09,0,0,0.82,0,0.36,0,0,0,0,2.01,0,3.38,0,0.36,0.09,0,0,0,0,0,0,0,0,0,0,0,0,0,0,0,0,0,0,0,0,0.27,0,0,0,0.015,0.046,0.03,0.246,0.03,0.03,3.771,69,528,1
0.11,0.22,0.11,0,0.45,0.45,0,0.11,1.02,1.59,0.11,0.34,0.22,0.11,2.16,0,0.45,0.11,3.53,0,1.25,0,0.45,0.45,0,0,0,0,0,0,0,0,0,0,0,0,0,0,0,0.11,0,0,0,0,0.45,0,0,0,0.018,0.17,0,0.265,0.132,0,4.215,144,666,1
0.44,0,0.88,0,0.44,1.32,0.44,0,0,0,0,0,0,0,0,0,0,0.44,1.76,0,2.2,0,2.2,0,0,0,0,0,0,0,0,0,0,0,0,0,0,0,0,0,0,0,0,0,0,0,0,0,0.216,0,0,0.433,0.361,0,2.375,16,133,1
0.1,0.2,1.01,0,0.8,0.8,0.5,0,0.8,0.1,0.3,0.7,0.3,0,1.61,0.1,0,1.11,1.31,0.2,0.7,0,0.6,0.1,0,0,0,0,0,0,0,0,0,0,0,0,0,0,0,0,0,0,0.2,0,0.1,0.1,0,0,0,0.107,0,0.474,0.152,0.015,8.55,669,1351,1
0.11,0.22,0.11,0,0.45,0.45,0,0.11,1.02,1.59,0.11,0.34,0.22,0.11,2.16,0,0.45,0.11,3.53,0,1.25,0,0.45,0.45,0,0,0,0,0,0,0,0,0,0,0,0,0,0,0,0.11,0,0,0,0,0.45,0,0,0,0.018,0.17,0,0.265,0.132,0,4.215,144,666,1
0.42,0.46,0.38,0,0.19,0.11,0,0.07,0.58,0.62,0.34,0.77,0.5,1.32,0.03,0.23,0.54,0,3.06,0,1.51,0,0.38,0.46,0,0,0,0,0,0,0,0,0,0,0,0,0,0,0,0,0,0,0,0,0.03,0,0,0,0,0.076,0,0.438,0.585,0.127,6.134,153,2184,1
0,0,0.9,0,0.45,0,0,0,0,0,0,0.9,0.45,0,0,0.45,0.9,0,4.52,0,0.9,0,0.45,0,0,0,0,0,0,0,0,0,0,0,0,0,0,0,0,0,0,0,0,0,1.35,0,0,0,0,0,0,2.115,0.07,0,2.651,14,114,1
0.33,0,0.67,0,0.22,0,0,0,0.44,0.11,0,0.33,0,0,0,0.56,0,0,1.79,0,1.12,0,0,0.22,0,0,0,0,0,0,0,0,0,0,0,0,0,0.11,0,0,0,0,0.11,0,0,0,0,0,0,0.157,0,0.392,0.176,0.078,2.606,75,391,1
0,0,0,0,0,1.88,0,0,0,0,0,0,0,0,0,0,0,0,3.77,0,1.88,0,0,0,0,0,0,0,0,0,0,0,0,0,0,0,0,0,0,0,0,0,0,0,0,0,0,0,0,0,0,0,0,0,2.307,16,30,1
0,0,0,0,0,1.27,0,0.63,0,0,0,0,0,0,0,0,0,0,3.82,0,0.63,0,0,0,0,0,0,0,0,0,0,0,0,0,0,0,0,0,0,0,0,0,0,0,0,0,0,0,0,0,0,1.096,0.109,0,1.916,12,69,1
0,0,0,0,0,0,0,0,0,0,0,0,0,0,0,0,0,0,3.37,0,0,0,2.24,0,0,0,0,0,0,0,0,0,0,0,0,0,0,0,0,0,0,0,0,0,0,0,0,0,0,0,0,0.218,0,0,1.827,11,53,1
0,0,0,0,0,0,0,0,0,0,0,0,0,0,0,0,0,0,2.04,0,0,8.84,1.36,0,0,0,0,0,0,0,0,0,0,0,0,0,0,0,0,0,0,0,0,0,0,0,0,0,0,0,0,0.125,0,1.126,7.054,37,261,1
0,0.47,0.47,0,1.41,0,0.47,0,0,0.47,0.47,0.94,0,0,0,0.94,0,0,1.88,0,0.94,0,0,0,0,0,0,0,0,0,0,0,0,0,0,0,0,0,0,0,0,0,0,0,0,0,0,0,0,0,0,0.218,0,0,1.102,6,54,1
0,0,0,0,0,0,0,0,0,1.47,0,1.47,0,0,0,0,0,0,7.35,0,1.47,0,0,0,0,0,0,0,0,0,0,0,0,0,0,0,0,0,0,0,0,0,0,0,0,0,0,0,0,0,0,0,0,0,2.769,15,36,1
0.19,0.19,0.29,0,1.07,0.19,0.19,0.97,0.87,0.58,0.09,1.07,0.19,0.87,0.09,0,0,1.17,3.71,0.68,1.75,0,0.09,0.29,0,0,0,0,0,0,0,0,0,0,0,0,0,0,0.09,0.09,0,0,0,0,0,0,0,0,0,0,0.194,0.404,0.224,0.029,4.285,49,870,1
0,0,0,0,0.82,0,0,1.65,0,0.82,0,0,0,0,0,0,0.82,0,1.65,0,2.47,0,0,0,0,0,0,0,0,0,0,0,0,0,0,0,0,0,0,0,0,0,0,0,0,0,0,0,0,0.113,0,0.113,0,0,1.25,4,50,1
0.79,0.19,0.09,0,0,0,0,0.09,0.29,0.09,0.29,0.59,0.69,0,0,0.09,0,0.59,4.09,0,0.89,0,0.39,0.49,0,0,0,0,0,0,0,0,0,0,0,0,0,0,0,0,0,0,0,0,0,0,0,0,0,0.267,0,0.19,0.247,0,2.324,19,365,1
0,0,0,0,0,0.68,1.37,0.68,0,0,0,0.68,0,0,0,0,0,0.34,0.34,0,0,0,0,0,0,0,0,0,0,0,0,0,0,0,0,0.34,0,0,0,0,0,0.34,0,0,0,0,0,0,0,0.103,0,0.206,0.309,0,4.029,69,270,1
0,0,0,0,0,0,0,0,0,0,0,0,0,0.85,0,0,0,0,0.85,0,0,0,0,0,0,0,0,0,0,0,0,0,0,0,0,0,0,0,0,0,0,0,0,0,0,0,0,0,0,0.126,0,0,0,0,3.925,51,106,1
0,0,1.47,0,0,1.1,0.36,0,0,0,0.36,0.36,0,0,0,0.36,0,0,2.21,1.1,2.95,0,1.47,0,0,0,0,0,0,0,0,0,0,0,0,0,0,0,0,0,0,0,0,0,0,0,0,0,0,0.118,0,0.414,0.888,0.177,3,33,177,1
0,0,0.31,0,0.62,0.62,0.62,0.31,0,1.88,0.62,1.25,0,0,0.31,1.56,0.31,0,3.76,0,1.25,0,0,0,0,0,0,0,0,0,0,0,0,0,0,0,0,0,0,0,0,0,0,0,0,0,0,0,0,0,0,0.77,0,0,2.481,11,134,1
0.1,0.1,0.71,0,0.61,0.3,0.4,0.1,1.42,0.81,0.1,0.5,0,0,0,0.1,0,1.01,2.34,0.5,2.03,0,0,0.3,0,0,0,0,0,0,0,0,0,0,0.1,0,0,0,0.1,0,0,0,0,0,0,0,0,0,0,0,0.256,0.928,0.384,0.032,3.179,56,1043,1
0,0,0,0,0,0,0,0,0,0,0,0,0,0,0,0,0,0,6.55,0,1.63,0,0,0,0,0,0,0,0,0,0,0,0,0,0,0,0,0,0,0,0,0,0,0,0,0,0,0,0,0,0,0,0,0,1,1,13,1
0.52,0.42,0.35,0,0.14,0.03,0.03,0.1,0.56,0.8,0.28,0.7,0.56,1.19,0.03,0.24,0.45,0,3.18,0,1.47,0,0.38,0.63,0,0,0,0,0,0,0,0,0,0,0,0,0,0,0,0,0,0,0,0,0.07,0,0,0,0,0.075,0,0.452,0.528,0.116,6.152,260,2184,1
0,0,0,0,0,0,0,0,0,1.49,0,1.49,0,0,0,0,0,0,7.46,0,1.49,0,0,0,0,0,0,0,0,0,0,0,0,0,0,0,0,0,0,0,0,0,0,0,0,0,0,0,0,0,0,0,0,0,2.692,15,35,1
0,0.35,0.71,0,0.35,0,0.17,0,0,0.53,0.17,0,0.17,0,0.35,0.17,0,1.07,0.17,0.17,0.71,0,0,0,0,0,0,0,0,0,0,0,0,0,0,0,0,0,0,0,0,0,0,0,0,0,0,0,0,0.027,0,0.167,0.027,0.055,7.527,149,956,1
0,0.64,0.64,0,0.32,0,0,0,0,0,0,0.64,0,0,0,0.32,0,1.29,1.62,0,0.97,0,0,0,0,0,0,0,0,0,0,0,0,0,0,0,0,0,0,0,0,0,0,0,0,0,0,0,0,0.053,0,1.065,0,0,3.932,61,291,1
0.56,0,0.84,0,0.28,0.84,0,0.84,0.28,0.28,0.28,1.41,0,0,0,0,1.41,0,0.84,1.98,2.83,0,0.28,0.84,0,0,0,0,0,0,0,0,0,0,0,0,0,0,0,0,0,0,0,0,0,0,0,0,0,0.129,0,1.294,0.043,0,3.979,47,386,1
0,0.64,1.29,0,0.32,0,0,0,0,0,0,0.64,0,0,0,0.32,0,1.29,2.59,0,1.29,0,0,0,0,0,0,0,0,0,0,0,0,0,0,0,0,0,0,0,0,0,0,0,0.32,0,0,0,0,0.053,0,0.531,0,0,4.337,121,334,1
0.34,0.05,0.58,0,0.63,0.17,0,0,0.75,0.23,0.34,1.27,0.34,0,0,0.58,0.05,0.17,3.01,2.61,1.5,0,0.17,0.34,0,0,0,0,0,0,0,0,0,0,0,0,0,0,0,0,0,0,0,0,0,0,0,0,0,0.201,0,0.127,0.182,0.027,4.225,131,1107,1
0,0,0.63,0,0,1.27,1.27,0.63,0,0,0,0.63,0,0,0,0,0.63,0,4.45,3.18,3.82,0,0,0,0,0,0,0,0,0,0,0,0,0,0,0,0,0,0,0,0,0,0,0,0,0,0,0,0,0,0,0.983,0.089,0,3.488,59,157,1
0.44,0,0.88,0,0.44,1.32,0.44,0,0,0,0,0,0,0,0,0,0,0.44,1.76,0,2.2,0,2.2,0,0,0,0,0,0,0,0,0,0,0,0,0,0,0,0,0,0,0,0,0,0,0,0,0,0.215,0,0,0.43,0.358,0,2.403,16,137,1
1.26,0.42,1.26,0,0,0,0,0,0,0,0,0.42,0,0,0,0.42,0,0.84,3.79,0,1.26,0,0,0.42,0,0,0,0,0,0,0,0,0,0,0,0,0,0,0,0,0,0,0,0,0.42,0,0,0,0,0.067,0,0.472,0.472,0,3,19,108,1
0,0,0,0,0,0,2.94,1.47,1.47,1.47,1.47,0,0,0,0,0,2.94,0,0,1.47,4.41,0,0,0,0,0,0,0,0,0,0,0,0,0,0,0,0,0,0,0,0,0,0,0,0,0,0,0,0,0.141,0,0.425,0.141,0,140,279,280,1
0,0.57,0,0,0.57,0,0.57,0,0,0.57,0,0.57,0,0,0,0,0,0.57,4.57,0,1.14,0,0,0,0.57,0.57,0,0,0,0,0,0,0,0,0,0,0,0,0,0,0,0,0,0,0.57,0,0,0,0.072,0,0,0.072,0.289,0.144,7.512,114,293,1
0.89,0,0.89,0,0,0,1.78,0,0,0,0.89,1.78,0,0,0,0,0,0,6.25,0,0,0,0,0,0,0,0,0,0,0,0,0,0,0,0,0,0,0,0,0,0,0,0,0,0.89,0,0,0,0,0,0,1.344,0,0,5.25,16,84,1
