0.26,0.72,0.85,0,0,0.19,0.06,0.33,0.72,0.46,0.72,0.79,0.19,1.05,0.06,0.59,0.19,0.33,3.5,0.06,1.52,0,0.06,0.06,0,0,0,0,0,0,0,0,0,0,0,0,0,0,0,0.06,0,0,0,0,0.06,0,0,0,0,0.131,0,0.101,0.101,0.202,4.398,79,1280,1
0,0,0,0,0,0,0,0,0,0,0,0,0,0,0,0,0,0,0,0,0,0,0,0,0,0,0,0,0,0,0,0,0,0,0,0,0,0,0,0,0,0,0,0,1.17,0,0,0,0,0.417,0,0.208,0.626,0,4.066,17,61,1
0,0,0.52,0,0,1.05,0.52,0,0,0,0,0,0,0,0,1.05,0,0,2.63,0,0,0,1.05,0,0,0,0,0,0,0,0,0,0,0,0,0,0,0,0,0,0,0,0,0,0,0,0,0,0,0.194,0,0.291,0,0,3.333,43,120,1
0.31,0,0,0,0,0,0,0,0,0,0.31,0.31,0.31,0,0,0,0.31,0,2.79,0,1.55,0,0,0,0,0,0,0,0,0,0,0,0,0,0,0.31,0,0,0,0,0,0,0,0,0,0,0,0,0.114,0,0,0.057,0,0,2.972,18,110,1
0,0,0,0,0,1.29,0,0.64,0,0,0,0,0,0,0,0,0,0,3.87,0,0.64,0,0,0,0,0,0,0,0,0,0,0,0,0,0,0,0,0,0,0,0,0,0,0,0,0,0,0,0,0,0,1.116,0.111,0,1.8,12,63,1
0,0,0,0,0,1.28,0,0.64,0,0,0,0,0,0,0,0,0,0,3.84,0,0.64,0,0,0,0,0,0,0,0,0,0,0,0,0,0,0,0,0,0,0,0,0,0,0,0,0,0,0,0,0,0,1.103,0.11,0,1.777,12,64,1
0,0,0.15,0,0.62,0,0.31,0,1.09,0,0,0,0.46,0,0,0.15,0.15,1.4,2.19,0,1.09,0,0.62,0,0,0,0,0,0,0,0,0,0,0,0,0,0,0,0,0,0,0,0,0,0,0,0,0,0,0.252,0,0.378,4.017,0,3.278,23,259,1
0,0.11,0.35,0,1.18,0.47,0.23,0.35,0,0.11,0.11,0.95,0,0.11,0,2.13,0.95,0.23,1.9,0.35,0.35,0,0.59,0.11,0,0,0,0,0,0,0,0,0,0,0,0.35,0,0,0,0.11,0,0,0,0,0,0,0,0,0,0.057,0,0.42,0.191,0.21,8.026,283,1509,1
0.09,0,0.27,0,0.36,0.09,0,0.18,0.09,0,0,0.73,0,0.36,0,0,0,0,2.01,0,3.38,0,0.36,0.09,0,0,0,0,0,0,0,0,0,0,0,0,0,0,0,0,0,0,0,0,0.27,0,0,0,0.015,0.046,0.031,0.249,0.031,0.031,3.689,69,535,1
0,0,0.47,0,0.47,0,0,0.47,0,0,0,0.94,0,0,1.88,0,0.47,0.47,2.83,0,2.35,0,1.41,0,0,0,0,0,0,0,0,0,0,0,0,0,0,0,0.47,0.47,0,0,0,0,0,0,0,0,0,0.164,0,0.082,0.41,0,5.074,60,137,1
0.14,0.14,0.29,0,0,0,0,0,1.03,0.29,0.14,0.59,0,0,0,0,0,0.14,2.36,0.14,0.88,0,0,0.44,0,0,0,0,0,0,0,0,0,0,0,0,0,0.29,0,0,0,0,0,0,0,0,0,0,0,0.205,0,0.153,0.128,0.102,2.686,73,368,1
0,0,0,0,0.81,0,0,0,0,0,0,0,0,0,0,0,0,0,0.81,0,1.63,0,0,0,0,0,0,0,0,0,0,0,0,0,0,0,0,0,0,0,0,0,0,0,0,0,0,0,0,0,0,0.125,0,0,3.871,26,151,1
0.14,0.14,0.29,0,0,0,0,0,1.03,0.29,0.14,0.59,0,0,0,0,0,0.14,2.36,0.14,0.88,0,0,0.44,0,0,0,0,0,0,0,0,0,0,0,0,0,0.29,0,0,0,0,0,0,0,0,0,0,0,0.205,0,0.153,0.128,0.102,2.686,73,368,1
0.5,0.4,0.33,0,0.13,0.03,0.13,0.1,0.54,0.77,0.3,0.7,0.54,1.14,0.03,0.27,0.43,0.03,3.2,0,1.45,0,0.37,0.6,0,0,0,0,0,0,0,0,0,0,0,0,0,0,0,0,0,0,0,0,0.06,0,0,0,0,0.071,0,0.456,0.5,0.11,6.049,129,2220,1
0,0,0.2,0,0.4,0.2,0,0,0,0,0,0,0,0,0,0,0.61,0.4,2.45,0.2,0.61,4.49,0.61,0,0,0,0,0,0,0,0,0,0,0,0,0,0,0,0,0,0,0,0,0,0.2,0,0,0,0,0,0,0.382,0.223,0.478,7.538,55,490,1
0.57,0,0.57,0,0,0,0,0.57,0,0,0,1.14,0,0,0,0,0,0,5.14,0,1.14,0,2.85,0,0,0,0,0,0,0,0,0,0,0,0,0,0,0,0,0,0,0,0,0,0,0,0,0,0,0,0,0.211,0.74,0,2.9,32,116,1
0.59,0,0.59,0,0,0,0,0.59,0,0,0,1.18,0,0,0,0,0,0,5.32,0,1.18,0,2.95,0,0,0,0,0,0,0,0,0,0,0,0,0,0,0,0,0,0,0,0,0,0,0,0,0,0,0,0,0.109,0.763,0,3,32,114,1
0,0,0.2,0,0.81,1.01,0,0,0,0,0.2,1.21,0,0,0,0,0,0.2,1.21,0,0,0,0.6,0.4,0,0,0,0,0,0,0,0,0,0,0,1.62,0.2,0,0,0,0,0,0,0,0,0,0,0,0,0.152,0,0.121,0.121,0,2.61,10,261,1
0.19,0.19,0,0,1.55,0.19,0.77,0,0.19,0.19,0,0.77,0.58,0,0,0.19,0.58,2.33,0.77,0,0.38,0,0.19,0,0,0,0,0,0,0,0,0,0,0,0,0,0,0,0.19,0,0,0,0,0,0,0,0,0,0.03,0.061,0.03,0.185,0.216,0,1.948,11,113,1
0,0,0,0,0,0,0,0,0,0,0,0,0,0,0,0,0,0,0,0,0,0,0,0,0,0,0,0,0,0,0,0,0,0,0,0,0,0,0,0,0,0,0,0,1.17,0,0,0,0,0.421,0,0.21,0.632,0,3.75,15,60,1
0,0,0,0,0,0,0,0,0,0,0,0,0,0,0,0,0,0,0,0,0,0,0,0,0,0,0,0,0,0,0,0,0,0,0,0,0,0,0,0,0,0,0,0,1.17,0,0,0,0,0.407,0,0.203,0.61,0,4.133,17,62,1
0,0,0.53,0,0.21,0.1,0.1,0.53,0.1,0.21,0,0.64,0,0,0,0,0.1,0,0,0,0,0,0.74,0,0,0,0,0,0,0,0,0,0,0,0,0,0,0,0,0,0,0,0,0,0,0,0,0,0,0.097,0,0.016,0.065,0,2.104,29,381,1
0.9,0,0,0,0,0,0.9,0,0,0,0,0,0,0,0,0,0.9,0.9,1.81,0,2.72,0,0,0.9,0,0,0,0,0,0,0,0,0,0,0,0,0,0,0,0,0,0,0,0,0,0,0,0,0,0,0,0.537,0,0,2.782,19,64,1
0,0,0,0,0,0,1.02,0,0,0,0,2.04,0,0,0,2.04,0,2.04,3.06,0,1.02,0,0,0,0,0,0,0,0,0,0,0,0,0,0,0,0,0,0,0,0,0,0,0,0,0,0,0,0,0.17,0,0,0.17,0,1.47,4,25,1
0,0.56,0.28,0,0,0,0.56,0,0,0.56,0.28,0.56,0.28,0,0,1.41,0.28,0,1.97,0,1.12,0,0,0,0,0,0,0,0,0,0,0,0,0,0,0,0,0,0,0,0,0,0,0,0.28,0,0,0,0,0.114,0,0.153,0,0.153,9.25,394,555,1
0,0,0,0,0,0,0,0,0,0,0,0,0,0,0,0.92,0.46,0.92,1.85,0.46,1.85,0.46,0.46,0,0,0,0,0,0,0,0,0,0,0,0,0,0,0,0,0,0,0,0,0,0,0,0,0,0,0.142,0,0.142,0.5,0.285,1.636,10,126,1
0.28,0,0.28,0,1.43,0.28,0,0.14,0,0,0,1.14,0,0,0,0.14,0.42,0,3.86,0,1.28,0,0.14,0.42,0,0,0,0,0,0,0,0,0.14,0,0,0,0,0,0,0,0,0,0,0.14,0,0,0,0,0,0.047,0,0.094,0.118,0.023,1.42,27,250,1
0,0,0,0,0.87,0,0,1.16,0,0,0.29,1.74,0,0,0,0,0.87,0,4.95,0,2.91,0,0,0,0,0,0,0,0,0,0,0,0,0,0,0,0,0,0,0,0,0,0,0,0,0,0,0,0.151,0,0,0,0,0,1.095,4,46,1
0,0.55,0.55,0,2.23,0.55,0,0.55,0,0,0.55,0,0,0,0,0,0,1.11,1.67,0,2.23,0,0,0.55,0,0,0,0,0,0,0.55,0,0,0,0,0,0.55,0,0,0,0,0,0,0,0,0,0,0,0,0.265,0,0.088,0.353,0,2.571,11,108,1
0,0,0,0,0,0,0,0,0,0,0,0,0,0,0,0,0,0,12.5,0,0,0,0,12.5,0,0,0,0,0,0,0,0,0,0,0,0,0,0,0,0,0,0,0,0,0,0,0,0,0,0,0,0,0,0,1,1,2,1
0,0,0,0,0.81,0,0,0,0,0,0,0,0,0,0,0,0,0,0.81,0,1.63,0,0,0,0,0,0,0,0,0,0,0,0,0,0,0,0,0,0,0,0,0,0,0,0,0,0,0,0,0,0,0.121,0,0,3.871,26,151,1
0,1.47,0,0,0,0,0,0,0,1.47,0,0,0,0,0,0,0,1.47,4.41,0,0,0,0,1.47,0,0,0,0,0,0,0,0,0,0,0,0,0,0,0,0,0,0,0,0,0,0,0,0,0,0,0,0,0,0,2.333,12,21,1
0.26,1.07,0,0,1.61,0,1.07,0.26,0.26,0,0,0.8,0,0,0,0,0,1.61,3.5,0,1.34,0,0,0.26,0,0,0,0,0,0,0,0,0,0,0,0,0,0,0,0,0,0,0,0,0.8,0,0,0,0,0.092,0,0.324,0,0,7.369,52,339,1
0.33,0.67,0,0,0,0,0.67,0.33,0.33,0.33,0,0.67,0,0,0,0,0.67,1.01,2.02,0,0.67,0,0,0,0,0,0,0,0,0,0,0,0,0,0,0,0,0,0,0,0,0,0,0,0,0,0,0,0,0,0,0,0.048,0,1.204,6,59,1
0,0,0.4,0,0.4,0,0.4,0,0,0,0,0,0.4,0,0,0,0,0,2.04,0,0.4,0,0,0,0,0,0,0,0,0,0,0,0,0,0,0,0,0,0,0,0,0,0,0,0.4,0,0,0,0,0,0,0.11,0,0,1.594,11,118,1
0.41,0,0.61,0,0.41,0.61,0,0.82,0.2,0.2,0.2,1.44,0,0,0,0.41,1.03,0.2,1.65,1.65,3.09,0,0.2,0.61,0,0,0,0,0,0,0,0,0,0,0,0,0,0,0,0,0,0,0,0,0,0,0,0,0,0.099,0,1.689,0.132,0,4.913,102,565,1
0,0.9,1.81,0,0,0,0.9,3.63,0,1.81,0,0.9,0,0,0,0,0.9,0,2.72,0,3.63,0,0,0,0,0,0,0,0,0,0,0,0,0,0,0,0,0,0,0,0,0,0,0,0,0,0,0,0,0,0,0.774,0,0,1,1,18,1
0,2.66,0,0,2,0,0,0.66,0,0,0,2,1.33,0,0.66,0,0,6.66,3.33,0,1.33,0,0,0,0,0,0,0,0,0,0,0,0,0,0,0,0,0,0,0,0,0,0,0,0,0,0,0,0,0,0,0.111,0,0,2.133,7,32,1
0.5,0.43,0.28,0,0.14,0.03,0,0.18,0.54,0.61,0.28,0.65,0.65,1.19,0.03,0.21,0.43,0.03,2.96,0,1.34,0,0.5,0.54,0,0,0,0,0,0,0,0,0,0,0,0,0,0,0,0,0,0,0,0,0.03,0,0,0,0.012,0.078,0,0.439,0.505,0.132,6.683,798,2426,1
0.56,0,0.84,0,0.28,0.84,0,0.84,0.28,0.28,0.28,1.41,0,0,0,0,1.41,0,0.84,1.98,2.83,0,0.28,0.84,0,0,0,0,0,0,0,0,0,0,0,0,0,0,0,0,0,0,0,0,0,0,0,0,0,0.128,0,1.289,0.042,0,3.979,47,386,1
0.33,0.16,0.33,0,0,0.16,0,0.16,0.16,0.08,0.16,0.57,0.24,0,0,0.16,0.24,0.24,3.47,0,2.06,0,0,0.66,0,0,0,0,0,0,0,0,0,0,0,0,0,0,0,0,0,0,0,0,0.66,0,0,0,0,0,0,0.213,0.113,0,3.15,76,441,1
0,0.34,1.02,0,0.68,0.34,0.34,0,0,0,0,0.34,0,0,0,2.04,0,0.34,4.76,0,2.38,0,0,0.34,0,0,0,0,0,0,0,0,0,0,0,0,0,0,0,0,0,0,0,0,0,0,0,0,0,0.161,0,0.215,0,3.879,6.978,56,328,1
0.64,0,0.25,0,0,0.38,0,0,0,0.25,0.64,0.25,1.03,0,0,0.77,0.9,0.12,1.93,0,0.51,0.12,0.12,1.03,0,0,0,0,0,0,0,0,0,0.12,0,0,0,0,0,0.12,0,0,0,0,0.12,0,0,0,0,0.161,0,1.082,0.299,0.092,5.274,146,981,1
0,0,0.78,0,1.17,0,0,0,0,0,0,0.39,0,0,0,0.78,0,0,1.56,0,1.96,0,0,0.78,0,0,0,0,0,0,0,0,0,0,0,0,0,0,0,0,0,0,0,0,0,0,0,0,0,0,0,0,0.092,0,4.111,20,222,1
0,0,0.49,0,1.48,0,0,0,0.49,0,0,0,0,0.16,0,0.66,0.33,0,0.82,0,0.49,0,0,0,0,0,0,0,0,0,0,0,0,0,0,0.16,0,0,0,0,0,0,0,0,0.16,0,0,0,0,0.197,0,0.616,0,0,5.778,128,549,1
0,0,0.68,0,0,0,0,1.36,0,0,0.68,0.68,0,0,0,0,0,0,3.4,0,1.36,0,0.68,0.68,0,0,0,0,0,0,0,0,0,0,0,0,0,0,0,0,0,0,0,0,0,0,0,0,0,0,0,0.232,0.232,0,2.232,19,96,1
0,0,0.32,0,0.64,0.64,0.64,0.32,0.32,0,0,0.32,0.32,0,0,0.32,0.32,0.32,2.25,0,3.21,0,0,0.32,0,0,0,0,0,0,0,0,0,0,0,0,0,0,0,0,0,0,0,0,0.64,0,0,0,0,0.156,0,0,0.156,0,1.752,19,149,1
0,0.45,0,0,0.91,0,1.36,0,0,0,0,0.45,0,0,0,1.82,0.45,0,2.73,0,1.36,0,0,0,0,0,0,0,0,0,0,0,0,0,0,0,0,0,0,0,0,0,0,0,0,0,0,0,0,0,0,0.368,0,0,1.68,17,158,1
0,1.25,0.62,0,0,0,1.25,0,0,0,0.62,0.62,0,0,0.62,2.5,0,1.25,5,0,1.25,0,0,0,0,0,0,0,0,0,0,0,0,0,0,0,0,0,0,0,0,0,0,0,0,0,0,0,0,0.045,0,0.225,0,0,2.35,29,134,1
0,1.25,0.62,0,0,0,1.25,0,0,0,0.62,0.62,0,0,0.62,2.5,0,1.25,5,0,1.25,0,0,0,0,0,0,0,0,0,0,0,0,0,0,0,0,0,0,0,0,0,0,0,0,0,0,0,0,0.044,0,0.223,0,0,2.35,29,134,1
2.43,0,0,0,0,0,0,0,0,0,0,0,0,0,0,0,0,0,0,0,0,0,0,0,0,0,0,0,0,0,0,0,0,0,0,0,0,0,0,0,0,0,0,0,0,0,0,0,0,0,0,0,0,0,3.666,13,44,1
0,0,0,0,0,0,2.1,0,0,0,0,1.05,0,0,0,0,0,0,4.21,0,0,0,0,0,0,0,0,0,0,0,0,0,0,0,0,0,0,0,0,0,0,0,0,0,0,0,0,0,0,0,0,0,0,0,2.695,15,62,1
0,0,0.99,0,0.24,0,0,0,0.24,0.49,0,0.49,0,0,0.24,0.24,0,0,0.24,0,0.49,0,0,0,0,0,0,0,0,0,0,0,0,0,0,0,0,0,0,0,0,0,0,0,0,0,0,0,0,0.035,0,0,0,0,5.555,209,400,1
0.52,0.34,0.4,0,0.14,0.17,0.05,0.14,0.46,0.52,0.31,0.89,0.4,1.16,0.05,0.11,0.23,0.11,2.9,0,1.1,0,0.63,0.52,0,0,0,0,0,0,0,0,0,0,0,0,0,0,0,0,0,0,0,0,0.08,0,0,0,0,0.073,0,0.363,0.535,0.132,6.171,159,2771,1
0,0,0,0,0,0,0,0,0,0,0,0,0,0,0,0,0,0,2.53,6.32,0,1.26,0,0,0,0,0,0,0,0,0,0,0,0,0,0,0,0,0,0,0,0,0,0,0,0,0,0,0,0,0,0.649,0,0.432,5.875,46,94,1
0,0,0,0,0,0,0,3.12,0,0,0,0,0,0,0,0,0,0,0,0,0,0,0,0,0,0,0,0,0,0,0,0,0,0,0,0,0,0,0,0,0,0,0,0,1.04,0,0,0,0,0.189,0,0.189,0.189,0,3.857,25,81,1
0,0,0,0,0,0,0,0,0,0,0,0,0,0,0,0,0,0,2.66,5.33,1.33,1.33,0,0,0,0,0,0,0,0,0,0,0,0,0,0,0,0,0,0,0,0,0,0,0,0,0,0,0,0,0,0.699,0,0.466,9.2,46,92,1
0.5,0,0.75,0,0.25,0.25,0.25,0.5,0,0,0.5,2.26,0,0,0,0.5,1,0.25,4.03,0,2.01,0,0,0,0,0,0,0,0,0,0,0,0,0,0,0,0,0,0,0,0,0,0,0,0,0,0,0,0,0.034,0,0.375,0.034,0,4.2,60,231,1
1.03,0,0,0,0,0,0,0,0,0,0,1.03,0,0,0,1.03,0,0,3.62,0,1.03,0,0,0.51,0,0,0,0,0,0,0,0,0,0,0,0,0,0,0,0,0,0,0,0,0,0,0,0,0,0,0,0.176,0.176,0,2.766,26,83,1
1.18,0.39,0.59,0,0,0.98,0.19,0.19,1.38,0.39,0,0.98,0,0.19,0,0.98,0,0,2.56,0.39,1.38,0,0,1.38,0,0,0,0,0,0,0,0,0,0,0,0,0,0,0,0,0,0,0,0,0,0,0,0,0,0.231,0,0.745,0.308,0.025,6.652,76,632,1
1.18,0.39,0.59,0,0,0.98,0.19,0.19,1.38,0.39,0,0.98,0,0.19,0,0.98,0,0,2.56,0.39,1.38,0,0,1.38,0,0,0,0,0,0,0,0,0,0,0,0,0,0,0,0,0,0,0,0,0,0,0,0,0,0.232,0,0.749,0.31,0.025,6.652,76,632,1
1.18,0.39,0.59,0,0,0.98,0.19,0.19,1.38,0.39,0,0.98,0,0.19,0,0.98,0,0,2.56,0.39,1.38,0,0,1.38,0,0,0,0,0,0,0,0,0,0,0,0,0,0,0,0,0,0,0,0,0,0,0,0,0,0.23,0,0.741,0.306,0.025,6.652,76,632,1
0,0,0,0,0,0,2.1,0,0,0,0,1.05,0,0,0,0,0,0,4.21,0,0,0,0,0,0,0,0,0,0,0,0,0,0,0,0,0,0,0,0,0,0,0,0,0,0,0,0,0,0,0,0,0,0,0,2.695,15,62,1
0,0,0,0,0,0,0,0,0,0,0,0,0,2.1,0,0,0,0,0,0,0,0,0,0,0,0,0,0,0,0,0,0,0,0,0,1.05,0,0,0,0,0,0,0,0,1.05,0,0,0,0,0.169,0,0,0.338,0,4.047,29,85,1
0.13,0.13,0.13,0,0.55,0.27,0.27,0.13,1.1,0.27,0,0.97,0.27,0,0.13,0,0,0,3.88,0.13,2.77,0,0.13,0.55,0,0,0,0,0,0,0,0,0,0,0,0,0,0,0,0.13,0,0,0,0,0,0,0,0,0,0.017,0,1.316,0.177,0,4.947,232,757,1
0,0,0.46,0,0,0,0,0.15,0,0,0,0.15,0,0,0,0,0,0.46,0.93,0,0,0,0.46,0,0,0,0,0,0,0,0,0,0,0,0,0.15,0,0,0,0.93,0,0,0,0,0,0,0,0,0.071,0.071,0,0.095,0.023,0,62.75,1505,2761,1
0.09,0,0.27,0,0.36,0.09,0,0.18,0.09,0,0,0.72,0,0.36,0,0,0,0,2,0,3.27,0,0.36,0.09,0,0,0,0,0,0,0,0,0,0,0,0,0,0,0,0,0,0,0,0,0.27,0,0,0,0.015,0.045,0.03,0.242,0.03,0.03,3.816,69,542,1
0.13,0.13,0.13,0,0.55,0.27,0.27,0.13,1.11,0.27,0,0.97,0.27,0,0.13,0,0,0,3.91,0.13,2.65,0,0.13,0.55,0,0,0,0,0,0,0,0,0,0,0,0,0,0,0,0.13,0,0,0,0,0,0,0,0,0,0.018,0,1.294,0.182,0,4.745,232,726,1
1.18,0.39,0.59,0,0,0.98,0.19,0.19,1.38,0.39,0,0.98,0,0.19,0,0.98,0,0,2.56,0.39,1.38,0,0,1.38,0,0,0,0,0,0,0,0,0,0,0,0,0,0,0,0,0,0,0,0,0,0,0,0,0,0.232,0,0.749,0.31,0.025,6.652,76,632,1
0,0,0,0,0.28,0.86,0,0,0,0,0,0.57,0.28,0,0,0,0.28,0,0.28,0,0.28,0,0,0,0,0,0,0,0,0,0,0,0,0,0,0,0,0,0,0,0,0,0,0,0,0,0,0,0.084,0.126,0,0,0,0,27.479,772,1319,1
0,0,0.36,0,0.36,0,0,0,0.36,0.36,0,0.36,0,1.09,0,1.81,0,0,3.63,0,1.45,0,0,0,0,0,0,0,0,0,0,0,0,0,0,0,0,0,0,0,0,0,0,0,0,0,0,0,0,0.125,0,0.125,0,0,1.287,5,94,1
0,0.23,0.47,0,1.18,0,0.23,0,0.7,0.7,0,0.47,0.23,0,0,0.23,0.7,0,2.83,0,1.89,0,0,0.47,0,0,0,0,0,0,0,0,0,0,0,0,0,0,0,0,0,0,0,0,0,0,0,0,0,0,0,0.072,0.108,0,2.438,20,178,1
2.32,0,0,0,0,0,0,0,0,0,0,0,0,0,0,0,0,0,0,0,0,0,0,0,0,0,0,0,0,0,0,0,0,0,0,0,0,0,0,0,0,0,0,0,0,0,0,0,0,0,0,0.277,0,0,3.2,13,48,1
0,0,0,0,0,0,0,0,0,1.51,0,1.51,0,0,0,0,0,0,7.57,0,1.51,0,0,0,0,0,0,0,0,0,0,0,0,0,0,0,0,0,0,0,0,0,0,0,0,0,0,0,0,0,0,0,0,0,2.769,15,36,1
0,0.54,0,0,0,0,1.08,0,0,0.54,0.54,0.54,0,0,0,2.17,0,0.54,3.26,0,1.08,0,0,0,0,0,0,0,0,0,0,0,0,0,0,0,0,0,0,0,0,0,0,0,0.54,0,0,0,0,0,0,0.334,0,0,1.325,5,53,1
0.45,0.68,0.68,0,1.92,0,0.56,0.45,0,0.45,0.22,1.81,0,0,0.79,0.22,0.11,1.81,2.38,0,1.36,0,0.11,0.22,0,0,0,0,0,0,0,0,0,0,0,0,0,0,0,0.11,0,0,0,0,0,0.11,0,0,0.019,0.057,0,0.574,0.134,0.019,3.155,94,385,1
0,0,0,0,0,0,0,0,0,0,0,1.36,0,0,0,0.68,0.68,0,4.76,4.76,0,0,0,0,0,0,0,0,0,0,0,0,0,0,0,0,0,0,0,0,0,0,0,0,0,0,0,0,0,0,0,1.255,0,0,2.818,21,124,1
0,0,0.55,0,0.22,0.22,0.11,0,0.11,0.22,0,0.33,0.33,0,0,0,0.22,0,0,0,0,0,0.55,0,0,0,0,0,0,0,0,0,0,0,0,0,0,0,0,0,0,0,0,0,0,0,0,0,0,0.155,0,0.034,0.12,0,1.961,14,302,1
0,0,0,0,0,0,0.76,0,0,0,0,0,0.76,0,0,0,0,0,0.76,0.76,0,0,0,0,0,0,0,0,0,0,0,0,0,0,0,0,0,0,0,0,0,0,0.76,0,0,0,0,0,0,0,0,0.274,0,0,11.035,110,309,1
0.68,0.11,0.11,0,0.45,0.11,0,0.57,0.79,2.73,0.34,0.11,0.22,0,0.45,0.11,0.68,0.45,3.07,0,1.71,0,1.82,1.14,0,0,0,0,0,0,0,0,0,0,0,0,0,0,0.11,0.11,0,0,0,0,0.11,0,0,0,0.067,0.118,0,0.388,0.236,0.016,9.827,164,1592,1
0,0,0,0,0,1.88,0,0,0,0,0,0,0,0,0,0,0,0,3.77,0,1.88,0,0,0,0,0,0,0,0,0,0,0,0,0,0,0,0,0,0,0,0,0,0,0,0,0,0,0,0,0,0,0,0,0,2.307,16,30,1
0,0,0,0,1.28,0,1.28,0,0,0,0,0,0,0,0,0.64,0,1.28,1.28,0,0.64,0,0,0,0,0,0,0,0,0,0,0,0,0,0,0,0,0,0,0,0,0,0,0,0,0,0,0,0,0,0,0.085,0.17,0,2.466,18,111,1
0,0,0,0,0,1.12,0,0,0,0,0,0,0,0,0,0,0,0,2.24,0,0,0,0,0,0,0,0,0,0,0,0,0,0,0,0,0,0,0,0,0,0,0,0,0,0,0,0,0,0,0.392,0,3.333,0,0,2.551,12,74,1
0.9,0,0,0,0,0,0.9,0,0,0,0,0,0,0,0,0,0.9,0.9,1.81,0,2.72,0,0,0.9,0,0,0,0,0,0,0,0,0,0,0,0,0,0,0,0,0,0,0,0,0,0,0,0,0,0,0,0.546,0,0,2.818,19,62,1
0.49,0.32,0.46,0,0.05,0.16,0.05,0.24,0.46,0.79,0.27,1.01,0.6,1.23,0,0.21,0.38,0,3.3,0,1.5,0,1.09,0.35,0,0,0,0,0,0,0,0,0,0,0,0,0,0,0,0,0,0,0,0,0.02,0,0,0,0,0.064,0,0.322,0.626,0.165,6.896,193,3269,1
0.39,0,0,0,0,0.39,0.79,0,0,0,0,0.79,0,0,0,0,0.39,0,2.37,0,2.76,0,1.18,0.79,0,0,0,0,0,0,0,0,0,0,0,0,0,0,0,0,0,0,0,0,0,0,0,0,0,0.061,0,0.612,0.183,0,2.678,13,75,1
0,0.58,0.58,0,0,0,0,0.58,0.58,7.55,0.58,1.16,0,0,0,0,0.58,0,4.06,0,0,0,0,0,0,0,0,0,0,0,0,0,0,0,0,0,0,0,0,0,0,0,0,0,0,0,0,0,0,0.192,0,0.192,0,0.096,1.526,10,58,1
0.17,0.17,0.69,0,0.34,0.17,0,0.86,0.17,0.69,0.34,1.38,0,0,0,0,1.73,0.34,2.07,1.55,3.8,0,0,0.34,0,0,0,0,0,0,0,0,0,0,0,0,0,0,0,0.17,0,0,0,0,0,0,0,0,0,0.194,0,1.718,0.055,0,5.175,63,621,1
0.51,0,0.77,0,0.25,0.25,0,0,0,0.51,0,1.55,0,0,0,0.77,1.55,0,4.9,0,2.58,0,0.77,0.25,0,0,0,0,0,0,0,0,0,0,0,0,0,0,0.25,0,0,0,0,0,0,0,0,0,0,0.179,0,0.359,0.403,0.134,5.774,56,358,1
0,0,1.24,0,1.24,0.62,0,0,0,0,0,0,0,0,0,1.24,0.62,0,0.62,0,1.86,0.62,0.62,0,0,0,0,0,0,0,0,0,0,0,0,0,0,0,0,0,0,0,0,0,0.62,0,0,0,0,0.107,0,0.321,0.107,0.107,3.846,30,150,1
0,0,0,0,0,0,0,2.94,0,0,0,0,0,0,0,0,0,0,0,0,0,2.94,0,0,0,0,0,0,0,0,0,0,0,0,0,0,0,0,0,0,0,0,0,0,0,0,0,0,0,0,0,0,0,0.45,14.5,42,87,1
0,0.84,0.84,0,0,0,0.84,0,0,1.68,0.84,0,0,0,0,0.84,0,0,3.36,0,0.84,0,0.84,0,0,0,0,0,0,0,0,0,0,0,0,0,0,0,0,0,0,0,0,0,0,0,0,0,0,0,0,0.519,0,0,5,43,125,1
0,0,0,0,0,0,0,0.71,0,0,0,0.71,0,0,0,1.43,0,0,4.31,0,1.43,0,0,0.71,0,0,0,0,0,0,0,0,0,0,0,0,0,0,0,0,0,0,0,0,2.15,0,0,0,0,0.265,0,0.132,0,0,2.322,16,72,1
0.09,0,0.27,0,0.36,0.09,0,0.18,0.09,0,0,0.82,0,0.36,0,0,0,0,2.01,0,3.38,0,0.36,0.09,0,0,0,0,0,0,0,0,0,0,0,0,0,0,0,0,0,0,0,0,0.27,0,0,0,0.015,0.046,0.03,0.246,0.03,0.03,3.771,69,528,1
0.11,0.22,0.11,0,0.45,0.45,0,0.11,1.02,1.59,0.11,0.34,0.22,0.11,2.16,0,0.45,0.11,3.53,0,1.25,0,0.45,0.45,0,0,0,0,0,0,0,0,0,0,0,0,0,0,0,0.11,0,0,0,0,0.45,0,0,0,0.018,0.17,0,0.265,0.132,0,4.215,144,666,1
0.44,0,0.88,0,0.44,1.32,0.44,0,0,0,0,0,0,0,0,0,0,0.44,1.76,0,2.2,0,2.2,0,0,0,0,0,0,0,0,0,0,0,0,0,0,0,0,0,0,0,0,0,0,0,0,0,0.216,0,0,0.433,0.361,0,2.375,16,133,1
0.1,0.2,1.01,0,0.8,0.8,0.5,0,0.8,0.1,0.3,0.7,0.3,0,1.61,0.1,0,1.11,1.31,0.2,0.7,0,0.6,0.1,0,0,0,0,0,0,0,0,0,0,0,0,0,0,0,0,0,0,0.2,0,0.1,0.1,0,0,0,0.107,0,0.474,0.152,0.015,8.55,669,1351,1
0.11,0.22,0.11,0,0.45,0.45,0,0.11,1.02,1.59,0.11,0.34,0.22,0.11,2.16,0,0.45,0.11,3.53,0,1.25,0,0.45,0.45,0,0,0,0,0,0,0,0,0,0,0,0,0,0,0,0.11,0,0,0,0,0.45,0,0,0,0.018,0.17,0,0.265,0.132,0,4.215,144,666,1
0.42,0.46,0.38,0,0.19,0.11,0,0.07,0.58,0.62,0.34,0.77,0.5,1.32,0.03,0.23,0.54,0,3.06,0,1.51,0,0.38,0.46,0,0,0,0,0,0,0,0,0,0,0,0,0,0,0,0,0,0,0,0,0.03,0,0,0,0,0.076,0,0.438,0.585,0.127,6.134,153,2184,1
0,0,0.9,0,0.45,0,0,0,0,0,0,0.9,0.45,0,0,0.45,0.9,0,4.52,0,0.9,0,0.45,0,0,0,0,0,0,0,0,0,0,0,0,0,0,0,0,0,0,0,0,0,1.35,0,0,0,0,0,0,2.115,0.07,0,2.651,14,114,1
0.33,0,0.67,0,0.22,0,0,0,0.44,0.11,0,0.33,0,0,0,0.56,0,0,1.79,0,1.12,0,0,0.22,0,0,0,0,0,0,0,0,0,0,0,0,0,0.11,0,0,0,0,0.11,0,0,0,0,0,0,0.157,0,0.392,0.176,0.078,2.606,75,391,1
0,0,0,0,0,1.88,0,0,0,0,0,0,0,0,0,0,0,0,3.77,0,1.88,0,0,0,0,0,0,0,0,0,0,0,0,0,0,0,0,0,0,0,0,0,0,0,0,0,0,0,0,0,0,0,0,0,2.307,16,30,1
0,0,0,0,0,1.27,0,0.63,0,0,0,0,0,0,0,0,0,0,3.82,0,0.63,0,0,0,0,0,0,0,0,0,0,0,0,0,0,0,0,0,0,0,0,0,0,0,0,0,0,0,0,0,0,1.096,0.109,0,1.916,12,69,1
0,0,0,0,0,0,0,0,0,0,0,0,0,0,0,0,0,0,3.37,0,0,0,2.24,0,0,0,0,0,0,0,0,0,0,0,0,0,0,0,0,0,0,0,0,0,0,0,0,0,0,0,0,0.218,0,0,1.827,11,53,1
0,0,0,0,0,0,0,0,0,0,0,0,0,0,0,0,0,0,2.04,0,0,8.84,1.36,0,0,0,0,0,0,0,0,0,0,0,0,0,0,0,0,0,0,0,0,0,0,0,0,0,0,0,0,0.125,0,1.126,7.054,37,261,1
0,0.47,0.47,0,1.41,0,0.47,0,0,0.47,0.47,0.94,0,0,0,0.94,0,0,1.88,0,0.94,0,0,0,0,0,0,0,0,0,0,0,0,0,0,0,0,0,0,0,0,0,0,0,0,0,0,0,0,0,0,0.218,0,0,1.102,6,54,1
0,0,0,0,0,0,0,0,0,1.47,0,1.47,0,0,0,0,0,0,7.35,0,1.47,0,0,0,0,0,0,0,0,0,0,0,0,0,0,0,0,0,0,0,0,0,0,0,0,0,0,0,0,0,0,0,0,0,2.769,15,36,1
0.19,0.19,0.29,0,1.07,0.19,0.19,0.97,0.87,0.58,0.09,1.07,0.19,0.87,0.09,0,0,1.17,3.71,0.68,1.75,0,0.09,0.29,0,0,0,0,0,0,0,0,0,0,0,0,0,0,0.09,0.09,0,0,0,0,0,0,0,0,0,0,0.194,0.404,0.224,0.029,4.285,49,870,1
0,0,0,0,0.82,0,0,1.65,0,0.82,0,0,0,0,0,0,0.82,0,1.65,0,2.47,0,0,0,0,0,0,0,0,0,0,0,0,0,0,0,0,0,0,0,0,0,0,0,0,0,0,0,0,0.113,0,0.113,0,0,1.25,4,50,1
0.79,0.19,0.09,0,0,0,0,0.09,0.29,0.09,0.29,0.59,0.69,0,0,0.09,0,0.59,4.09,0,0.89,0,0.39,0.49,0,0,0,0,0,0,0,0,0,0,0,0,0,0,0,0,0,0,0,0,0,0,0,0,0,0.267,0,0.19,0.247,0,2.324,19,365,1
0,0,0,0,0,0.68,1.37,0.68,0,0,0,0.68,0,0,0,0,0,0.34,0.34,0,0,0,0,0,0,0,0,0,0,0,0,0,0,0,0,0.34,0,0,0,0,0,0.34,0,0,0,0,0,0,0,0.103,0,0.206,0.309,0,4.029,69,270,1
0,0,0,0,0,0,0,0,0,0,0,0,0,0.85,0,0,0,0,0.85,0,0,0,0,0,0,0,0,0,0,0,0,0,0,0,0,0,0,0,0,0,0,0,0,0,0,0,0,0,0,0.126,0,0,0,0,3.925,51,106,1
0,0,1.47,0,0,1.1,0.36,0,0,0,0.36,0.36,0,0,0,0.36,0,0,2.21,1.1,2.95,0,1.47,0,0,0,0,0,0,0,0,0,0,0,0,0,0,0,0,0,0,0,0,0,0,0,0,0,0,0.118,0,0.414,0.888,0.177,3,33,177,1
0,0,0.31,0,0.62,0.62,0.62,0.31,0,1.88,0.62,1.25,0,0,0.31,1.56,0.31,0,3.76,0,1.25,0,0,0,0,0,0,0,0,0,0,0,0,0,0,0,0,0,0,0,0,0,0,0,0,0,0,0,0,0,0,0.77,0,0,2.481,11,134,1
0.1,0.1,0.71,0,0.61,0.3,0.4,0.1,1.42,0.81,0.1,0.5,0,0,0,0.1,0,1.01,2.34,0.5,2.03,0,0,0.3,0,0,0,0,0,0,0,0,0,0,0.1,0,0,0,0.1,0,0,0,0,0,0,0,0,0,0,0,0.256,0.928,0.384,0.032,3.179,56,1043,1
0,0,0,0,0,0,0,0,0,0,0,0,0,0,0,0,0,0,6.55,0,1.63,0,0,0,0,0,0,0,0,0,0,0,0,0,0,0,0,0,0,0,0,0,0,0,0,0,0,0,0,0,0,0,0,0,1,1,13,1
0.52,0.42,0.35,0,0.14,0.03,0.03,0.1,0.56,0.8,0.28,0.7,0.56,1.19,0.03,0.24,0.45,0,3.18,0,1.47,0,0.38,0.63,0,0,0,0,0,0,0,0,0,0,0,0,0,0,0,0,0,0,0,0,0.07,0,0,0,0,0.075,0,0.452,0.528,0.116,6.152,260,2184,1
0,0,0,0,0,0,0,0,0,1.49,0,1.49,0,0,0,0,0,0,7.46,0,1.49,0,0,0,0,0,0,0,0,0,0,0,0,0,0,0,0,0,0,0,0,0,0,0,0,0,0,0,0,0,0,0,0,0,2.692,15,35,1
0,0.35,0.71,0,0.35,0,0.17,0,0,0.53,0.17,0,0.17,0,0.35,0.17,0,1.07,0.17,0.17,0.71,0,0,0,0,0,0,0,0,0,0,0,0,0,0,0,0,0,0,0,0,0,0,0,0,0,0,0,0,0.027,0,0.167,0.027,0.055,7.527,149,956,1
0,0.64,0.64,0,0.32,0,0,0,0,0,0,0.64,0,0,0,0.32,0,1.29,1.62,0,0.97,0,0,0,0,0,0,0,0,0,0,0,0,0,0,0,0,0,0,0,0,0,0,0,0,0,0,0,0,0.053,0,1.065,0,0,3.932,61,291,1
0.56,0,0.84,0,0.28,0.84,0,0.84,0.28,0.28,0.28,1.41,0,0,0,0,1.41,0,0.84,1.98,2.83,0,0.28,0.84,0,0,0,0,0,0,0,0,0,0,0,0,0,0,0,0,0,0,0,0,0,0,0,0,0,0.129,0,1.294,0.043,0,3.979,47,386,1
0,0.64,1.29,0,0.32,0,0,0,0,0,0,0.64,0,0,0,0.32,0,1.29,2.59,0,1.29,0,0,0,0,0,0,0,0,0,0,0,0,0,0,0,0,0,0,0,0,0,0,0,0.32,0,0,0,0,0.053,0,0.531,0,0,4.337,121,334,1
0.34,0.05,0.58,0,0.63,0.17,0,0,0.75,0.23,0.34,1.27,0.34,0,0,0.58,0.05,0.17,3.01,2.61,1.5,0,0.17,0.34,0,0,0,0,0,0,0,0,0,0,0,0,0,0,0,0,0,0,0,0,0,0,0,0,0,0.201,0,0.127,0.182,0.027,4.225,131,1107,1
0,0,0.63,0,0,1.27,1.27,0.63,0,0,0,0.63,0,0,0,0,0.63,0,4.45,3.18,3.82,0,0,0,0,0,0,0,0,0,0,0,0,0,0,0,0,0,0,0,0,0,0,0,0,0,0,0,0,0,0,0.983,0.089,0,3.488,59,157,1
0.44,0,0.88,0,0.44,1.32,0.44,0,0,0,0,0,0,0,0,0,0,0.44,1.76,0,2.2,0,2.2,0,0,0,0,0,0,0,0,0,0,0,0,0,0,0,0,0,0,0,0,0,0,0,0,0,0.215,0,0,0.43,0.358,0,2.403,16,137,1
1.26,0.42,1.26,0,0,0,0,0,0,0,0,0.42,0,0,0,0.42,0,0.84,3.79,0,1.26,0,0,0.42,0,0,0,0,0,0,0,0,0,0,0,0,0,0,0,0,0,0,0,0,0.42,0,0,0,0,0.067,0,0.472,0.472,0,3,19,108,1
0,0,0,0,0,0,2.94,1.47,1.47,1.47,1.47,0,0,0,0,0,2.94,0,0,1.47,4.41,0,0,0,0,0,0,0,0,0,0,0,0,0,0,0,0,0,0,0,0,0,0,0,0,0,0,0,0,0.141,0,0.425,0.141,0,140,279,280,1
0,0.57,0,0,0.57,0,0.57,0,0,0.57,0,0.57,0,0,0,0,0,0.57,4.57,0,1.14,0,0,0,0.57,0.57,0,0,0,0,0,0,0,0,0,0,0,0,0,0,0,0,0,0,0.57,0,0,0,0.072,0,0,0.072,0.289,0.144,7.512,114,293,1
0.89,0,0.89,0,0,0,1.78,0,0,0,0.89,1.78,0,0,0,0,0,0,6.25,0,0,0,0,0,0,0,0,0,0,0,0,0,0,0,0,0,0,0,0,0,0,0,0,0,0.89,0,0,0,0,0,0,1.344,0,0,5.25,16,84,1
0,0,0,0,0,0,4.08,0,0,0,0,0,0,0,0,0,0,0,2.04,0,0,0,0,2.04,0,0,0,0,0,0,0,0,0,0,0,0,0,0,0,0,0,0,0,0,0,0,0,0,0,0,0,0.257,0,0,4.181,26,46,1
0,0,0,0,0,0,2.94,1.47,1.47,1.47,1.47,0,0,0,0,0,1.47,0,0,1.47,4.41,0,0,0,0,0,0,0,0,0,0,0,0,0,0,0,1.47,0,0,0,0,0,0,0,0,0,0,0,0,0.142,0,0.427,0.142,0,92.333,274,277,1
0,0,0,0,0,0,0,0,0,0,0,0,0,0,0,6.52,0,0,2.17,0,2.17,0,0,0,0,0,0,0,0,0,0,0,0,0,0,0,0,0,0,0,0,0,0,0,0,0,0,0,0,0,0,1.149,0,0,9.1,33,91,1
0.13,0.26,0.52,0,0.26,0,0.13,0,0,0.39,0.13,0.13,0.13,0,0.26,0.13,0,0.78,0.39,0.13,0.52,0,0,0,0,0,0,0,0,0,0,0,0,0,0,0,0,0,0,0,0,0,0,0,0,0,0,0,0,0,0,0.366,0,0.04,7.138,149,1235,1
0,0,0,0,0,0,1.94,0,0,0,0,0,0,0,0,2.91,3.88,0,1.94,0,1.94,0,0,1.94,0,0,0,0,0,0,0,0,0,0,0,0,0,0,0,0.97,0,0,0,0,0.97,0,0,0,0,0.13,0,0.52,0.13,0,6.266,26,94,1
0,0.43,0,0,0.43,0,0.86,0,1.3,0.86,0,1.3,0,0,0,0,0,0,0.43,0,0,0,0,0,0,0,0,0,0,0,0,0,0,0,0,0,0.43,0,0,0,0,0,0,0,0,0,0,0,0.063,0.126,0,0,0.063,0,4.297,30,159,1
0,0.44,0.44,0,0,0,0,0,0,0,0,0.88,1.32,0,0,0,0,0.88,3.96,0,3.08,0,0.44,0,0,0,0,0,0,0,0,0,0,0,0,0,0,0,0,0,0,0,0,0,0,0,0,0,0,0.074,0,0.669,0.297,0,3.666,82,165,1
0,0.65,0.98,0,0.32,0,0,0,0,0,0,0.65,0,0,0,0.32,0,1.3,2.61,0,1.3,0,0,0,0,0,0,0,0,0,0,0,0,0,0,0,0,0,0,0,0,0,0,0,0.32,0,0,0,0,0.053,0,0.477,0,0,4.273,121,312,1
0,0,0,0,0.89,0,0,0,0,0,0,0.89,0,0,0,0,0,0,1.78,0,2.67,0,0,0,0,0,0,0,0,0,0,0,0,0,0,0,0,0,0,0,0,0,0,0,0,0,0,0,0,0.121,0,1.336,0,0,6.611,51,238,1
0.33,0,0.33,0,0,0,0.66,0,0,0,0,1.32,0,0,0,0.66,0.99,0,2.64,0,0.99,0,0.66,0,0,0,0,0,0,0,0,0,0,0,0,0,0,0,0.66,0,0,0,0,0,0,0,0,0,0,0.116,0,0.406,0.464,0.348,6.932,43,513,1
0,0,0.94,0,0,0,0.94,0,0,1.88,0,1.88,0,0,0,0,0,0,4.71,0,0.94,0,0,0.94,0,0,0,0,0,0,0,0,0,0,0,0,0,0,0,0,0,0,0,0,0,0,0,0,0,0,0,0.163,1.305,0,2.571,20,36,1
0.73,0,0.36,0,0.36,0.36,1.1,0,0,0,0,0.36,0,0,0,0.36,1.84,0.73,2.58,0,1.1,0,0.36,1.1,0,0,0,0,0,0,0,0,0,0,0,0,0,0,0,0,0,0,0,0,0,0,0,0,0,0.186,0,0.435,0.062,0,4.411,190,300,1
0,0.66,0.66,0,1.33,0.33,0.33,0,0.33,0,0.33,0.33,0,0,0,0.33,0.66,1,1,1,2,0,0,0,0,0,0,0,0,0,0,0,0,0,0,0,0,0,0,0,0,0,0,0,0.66,0,0,0,0,0.266,0,0.372,0.159,0,1.894,14,161,1
0,0.3,0.75,0,0.3,0,0.15,0,0,0.45,0.15,0,0.15,0,0.15,0.15,0,0.75,0.15,0.15,0.6,0,0,0,0,0,0,0.15,0,0,0,0,0.15,0,0,0,0,0,0,0,0,0,0,0,0,0,0,0,0,0.02,0,0.352,0.02,0.041,5.938,149,1057,1
0.57,0,1.72,0,0,0,0,0.57,0,0,0,0.57,1.72,0,0,0,0.57,0,4.59,0,0,0,0,0.57,0,0,0,0,0,0,0,0,0,0,0,0,0,0,0,0,0,0,0,0,0,0,0,0,0,0.099,0,0.396,0.099,0,2.333,11,70,1
0,0,0,0,0,0,1.04,0,0,0,0,1.04,0,0,0,0,1.04,0,3.66,0,2.09,0,0,0,0,0,0,0,0,0,0,0,0,0,0,0,0,0,0,0,0,0,0,0,0,0,0,0,0.062,0.248,0,0.621,0.062,0.062,3.902,59,160,1
0,0,0,0,0,0,0,0,0,0,0,0,0,0,0,0,0,0,4.76,0,0,0,0,0,0,0,0,0,0,0,0,0,0,0,0,0,0,0,0,0,0,0,0,0,0,0,0,0,0,0,0,0,0,0,1,1,3,1
0,0.28,0.84,0,0.28,0,0.14,0,0,0.42,0.14,0,0.14,0,0.14,0.14,0,0.7,0.42,0.14,0.84,0,0,0,0,0,0,0,0,0,0,0,0,0,0,0,0,0,0,0.14,0,0,0,0,0,0,0,0,0,0,0,0.583,0,0.067,5.415,132,991,1
0.51,0.25,0.49,0,0.04,0.23,0.04,0.32,0.38,0.81,0.21,0.9,0.79,1.24,0.02,0.21,0.36,0.04,3.49,0,1.54,0,1.09,0.36,0,0,0,0,0,0,0,0,0,0,0,0,0,0,0,0,0,0,0.02,0,0.1,0,0,0,0,0.058,0,0.308,0.672,0.128,5.459,193,3243,1
0.7,0,0.35,0,0.7,0.35,0.7,0,0.7,0,0,0,0.7,0,0,0,1.05,0,3.16,0,1.4,0,0,1.05,0,0,0,0,0,0,0,0,0,0,0,0,0,0,0,0,0,0,0,0,0,0,0,0,0,0.173,0,0.23,0,0,4.596,60,262,1
0.3,0,1.23,0,1.54,0.92,0.61,0.92,0.3,0.3,0,0.3,0,0,0,0,0.3,0,2.47,0.92,0.92,0,1.23,0,0,0,0,0,0,0,0,0,0,0,0,0,0,0,0,0,0,0,0,0,0.3,0,0,0,0,0.045,0,0.728,0.182,0,4.339,60,243,1
0,0,0.84,0,0.56,0,0,0.56,0,0,0,0,0,0,0,0.28,0,0,1.13,0,0.28,0,0,0,0,0,0,0,0,0,0,0,0,0,0,0,0,0,0,0.28,0,0,0,0,0,0,0,0,0,0.278,0,0.046,0,0,1.661,6,118,1
0,0.7,1.05,0,0.35,0,0,0,0,0,0,0.7,0,0,0,0.35,0,1.4,2.46,0,1.4,0,0,0,0,0,0,0,0,0,0,0,0,0,0,0,0,0,0,0,0,0,0,0,0.35,0,0,0,0,0.056,0,0.897,0,0,4.43,121,350,1
0.56,0,0.32,0,1.13,0.08,0,0,0.16,0,0.08,0.72,0.56,0,0,0.24,1.13,0,4.6,0,2.01,0,0,0.32,0,0,0,0,0,0,0,0,0,0,0,0,0,0,0,0,0,0,0,0,0.32,0,0,0,0,0.121,0,0.337,0.054,0,3.502,79,606,1
0,0.26,0.26,0,0.39,0,0.13,0,0,0.26,0,0.26,0.26,0,0.13,0.26,0,0.13,3.14,0.26,1.44,7.33,0.13,0.26,0,0,0,0,0,0,0,0,0,0,0,0,0,0,0,0,0,0,0,0,0.13,0,0,0,0,0,0,0.022,0.022,0.889,12.454,107,1096,1
0,0,1.29,0,0,1.29,0,0,0,0,0,0,0,0,0,2.59,0,0,1.29,0,1.29,1.29,2.59,0,0,0,0,0,0,0,0,0,0,0,0,0,0,0,0,0,0,0,0,0,0,0,0,0,0,0.439,0,1.098,0,0.439,3.571,36,125,1
0.09,0.38,0.57,0,0.48,0.38,0,0,0,0.38,0,1.53,0.19,0,0.09,0,0.09,0,3.55,0,1.24,0,0,0,0,0,0,0,0,0,0,0,0,0,0,0,0,0,0,0,0,0,0,0,0,0,0,0,0.038,0.038,0,0.246,0.894,0.012,4,70,640,1
0.34,0,1.7,0,1.02,0,0,0,0.68,1.02,0,0,0,0,0,0,0,0,0.34,1.02,0.68,0,0,0,0.34,0,0,0,0,0,0,0,0,0,0,0,0,0,0,0,0,0,0,0,0,0,0,0,0,0,0,0.902,0.106,0,664,1327,1328,1
0,0.8,0,0,0.8,0,0.8,0,0,0.8,0,0,0,0,0,0.8,0.8,0.8,1.61,0,1.61,0,0,0,0,0,0,0,0,0,0,0,0,0,0,0,0,0,0,0,0,0,0,0,0,0,0,0,0,0.134,0,0.269,0,0,3.115,19,81,1
0,0,0,0,3.33,0,0,0,0,0,0,0,0,0,0,0,0,0,6.66,0,0,0,0,0,0,0,0,0,0,0,0,0,0,0,0,0,0,0,0,0,0,0,0,0,0,0,0,0,0,0,0,1.111,0,0,1.409,10,31,1
0,0,0.28,0,0.16,0.18,0,0,0,0,0.02,0.09,0.11,0,0,0,0,0,0.14,0,0.02,0,0,0.04,0,0,0,0,0,0,0,0,0,0.07,0,0,0,0,0.02,0,0,0,0,0,0,0,0,0,0,0.116,0.021,0.03,0,0,16.644,154,9088,1
0.82,0,0,0,0.41,0,0.82,0,0,0,0,0.82,0,0,0,0,0.41,0,2.46,0,1.23,0,0.41,0,0,0,0,0,0,0,0,0,0,0,0,0,0,0,0,0,0,0,0,0,0,0,0,0.41,0,0.171,0,0.513,0.114,0,2.953,44,189,1
0,0.42,0,0,0.42,0.42,0,0,0,0,0,0,0,0,0,0.42,0,0.42,4.2,0,0,0,0.42,0,0,0,0,0,0,0,0,0,0,0,0,0,0,0,0,0,0,0,0,0,0.42,0,0,0,0,0.08,0,0.644,0.161,0,2.522,14,111,1
0.1,0.1,0.7,0,0.6,0.2,0.4,0.1,1.41,0.8,0.1,0.5,0,0,0,0.1,0,1.11,2.22,0.4,1.92,0,0,0.3,0,0,0,0,0,0,0,0,0,0,0.1,0,0,0,0.1,0,0,0,0,0,0,0,0,0,0,0,0.26,0.991,0.39,0.032,3.173,56,1044,1
0,0,0.28,0,0.16,0.18,0,0,0,0,0.02,0.09,0.11,0,0,0,0,0,0.14,0,0.02,0,0,0.04,0,0,0,0,0,0,0,0,0,0.07,0,0,0,0,0.02,0,0,0,0,0,0,0,0,0,0,0.116,0.021,0.034,0,0,16.587,154,9090,1
0.87,0.17,0.52,0,0,0.32,0,0.04,0.29,0.42,0.39,1.37,0.87,1.69,0,0.32,0.54,0.22,3.47,0.29,1.32,0,0.34,0.84,0,0,0,0,0,0,0,0,0,0,0,0,0,0,0,0,0,0,0,0.02,0.07,0,0.04,0,0.016,0.058,0,0.64,0.166,0.183,3.697,117,3498,1
0.43,0,0,0,0,0,0,0,0,0,0,1.29,0,0,0,0,0,0.43,1.29,0,1.29,0,0,0,0,0,0,0,0,0,0,0,0,0,0,0.86,0,0,0,0,0,0,0,0,0,0,0,0,0,0.122,0,0.061,0,0,1.456,13,67,1
0,0.81,0.61,0,0,1.02,0,0.2,0.4,0.61,0,2.25,0,0,0,0,0.61,0,2.86,0,1.02,0,0,0.2,0,0,0.2,0,0,0,0,0,0,0,0,0,0,0,0,0,0,0,0,0,0,0,0,0,0,0.095,0,0.158,0.063,0,2,31,156,1
2.32,0,0.77,0,1.55,0,0,0,0,0,0,0.77,0,0,0,0.77,0,0,2.32,0,0.77,0,0,0.77,0,0,0,0,0,0,0,0,0,0,0,0,0,0,0,0,0,0,0,0,0,0,0,0.77,0,0.134,0,0.671,0,0,129.5,515,518,1
0.08,0.08,0.48,0,0.16,0.24,0,0,0.24,0.08,0,0.56,0,0,0,0,0,0.08,0.88,0.08,0.48,4.57,0.4,0.72,0,0,0,0,0,0,0,0,0,0,0,0,0,0,0,0,0,0,0,0,0,0,0,0,0,0,0,0.233,0.202,0.326,8.763,102,1481,1
0.07,0,0.55,0,0.63,0.23,0.07,0.23,0,0.23,0.07,0.55,0.63,0,0,0.47,0.31,0.31,2.76,0,1.49,0,0.55,0.31,0,0,0,0,0,0,0,0,0,0,0,0,0,0,0,0,0,0,0,0,0,0,0,0,0,0.012,0,1.132,0.077,0.012,3.382,77,707,1
0.52,0.42,0.35,0,0.14,0.03,0.03,0.1,0.56,0.8,0.28,0.7,0.56,1.19,0.03,0.24,0.45,0,3.19,0,1.43,0,0.38,0.63,0,0,0,0,0,0,0,0,0,0,0,0,0,0,0,0,0,0,0,0,0.07,0,0,0,0,0.077,0,0.453,0.543,0.119,6.305,286,2207,1
0.4,0.18,0.32,0,0.25,0.18,0.03,1.01,0.4,0.4,0.1,0.72,0.65,0.36,0.25,0.54,0.36,0.36,3.05,0.14,1.41,0,0.29,0.76,0,0,0,0,0,0,0,0,0,0,0,0,0,0,0,0.03,0,0,0,0,0.07,0,0,0,0.012,0.042,0.073,0.337,0.141,0,3.305,181,1613,1
